583 590 315
418 379 233
614 232 33
275 133 475
670 848 247
14 721 930
844 429 610
371 966 504
751 480 874
9 175 734
229 730 339
31 627 966
895 969 434
96 141 674
688 728 855
989 562 832
91 345 853
434 802 921
984 864 135
541 461 880
931 299 665
304 754 992
56 53 816
158 311 40
516 514 679
860 432 477
991 873 127
951 307 767
385 536 178
684 446 951
586 973 683
139 274 852
608 321 555
359 580 264
915 231 848
749 422 296
223 542 501
797 980 850
376 346 278
970 935 467
780 181 311
306 493 280
495 995 774
530 985 581
7 552 603
707 539 295
599 740 404
548 853 668
813 896 43
100 54 0
882 745 804
866 776 436
285 242 914
735 581 31
499 364 961
876 351 874
356 263 31
698 113 203
246 216 750
679 696 497
252 310 659
803 689 557
938 416 790
166 405 58
967 92 159
479 839 292
688 721 199
309 884 571
695 591 151
271 22 930
720 964 919
42 771 177
37 154 163
235 361 409
563 162 117
458 980 873
947 146 87
916 775 932
416 846 793
4 490 283
918 94 618
114 41 479
574 382 76
51 857 391
841 557 227
186 870 203
173 755 962
400 132 554
409 335 137
381 503 190
860 755 461
678 827 660
310 534 797
810 621 89
969 83 375
43 37 137
623 177 744
621 799 90
414 349 716
854 734 990
698 273 921
767 436 948
209 421 300
392 231 878
270 37 42
582 632 549
164 755 948
474 415 662
110 874 319
753 236 383
661 378 895
814 417 179
81 759 197
241 135 950
170 248 766
248 159 600
41 839 888
522 811 929
508 239 649
641 795 298
544 692 686
802 659 54
651 602 934
355 863 241
909 638 608
23 162 255
416 240 292
194 874 860
125 935 774
307 464 605
934 428 375
112 689 337
298 330 883
150 561 152
0 981 292
83 568 341
617 523 286
131 397 545
979 92 186
127 504 192
144 104 954
298 583 32
418 968 425
116 547 869
991 672 281
283 648 413
865 851 573
915 440 766
884 234 228
191 310 833
643 133 678
569 204 125
621 84 120
243 909 155
344 678 495
74 610 121
426 656 34
263 521 298
975 206 518
735 945 530
836 879 743
528 961 663
134 876 573
625 123 106
757 711 643
79 751 306
956 387 807
578 410 52
968 833 13
306 227 147
494 283 560
916 856 967
970 352 481
467 10 250
343 806 892
839 383 12
494 522 215
720 793 502
204 818 772
398 957 614
680 316 72
735 430 329
673 953 203
574 524 964
260 780 393
529 544 352
625 681 875
315 265 812
920 55 720
579 122 434
263 364 310
9 933 659
110 915 814
40 223 615
614 486 465
52 285 768
303 109 232
80 160 206
697 713 726
470 984 437
711 379 330
963 727 195
204 490 241
834 175 407
110 246 543
736 757 144
705 921 920
524 669 59
562 973 687
275 244 654
69 753 538
229 898 808
129 90 942
493 889 533
837 89 323
270 454 667
395 629 724
829 478 904
46 468 346
99 140 550
995 520 942
836 624 989
538 248 415
990 49 814
797 742 483
404 346 137
934 756 522
506 864 188
243 53 76
712 697 163
674 714 645
143 685 546
956 638 954
198 983 295
365 184 439
633 568 279
536 207 496
571 81 697
108 382 168
486 520 525
457 700 838
918 193 590
523 430 543
270 655 254
737 274 494
915 164 985
531 308 440
712 179 283
512 281 890
549 420 702
518 350 76
735 150 562
912 658 533
908 782 273
945 963 710
301 255 542
642 116 778
42 749 883
584 454 512
944 434 438
325 482 555
539 878 983
706 8 833
801 456 259
523 342 188
902 975 638
729 775 19
725 332 243
645 279 156
27 350 942
483 788 792
695 120 813
133 19 936
565 219 487
800 580 340
576 301 103
419 757 782
908 726 998
124 232 241
617 245 755
252 55 770
663 687 919
48 451 495
872 23 478
433 588 719
521 360 527
86 906 402
470 195 379
57 810 276
25 856 910
565 269 795
784 120 474
410 383 503
456 860 598
529 614 2
127 442 34
710 908 635
40 923 147
10 881 787
400 67 624
184 202 642
299 778 29
798 879 674
785 572 833
445 797 755
467 64 379
279 262 302
123 730 345
76 14 969
406 557 631
856 997 670
62 248 264
696 935 821
933 922 530
626 512 633
462 378 226
20 635 947
126 85 322
228 358 778
575 531 651
423 34 261
865 69 137
694 389 257
36 247 154
985 272 19
833 642 611
394 411 891
484 413 198
774 348 886
396 865 373
986 373 471
415 357 692
851 360 2
776 321 29
733 268 324
979 831 204
469 885 895
877 694 509
672 467 352
747 215 951
711 665 231
929 616 184
235 773 286
734 988 314
589 838 159
385 793 706
107 518 429
475 408 595
147 62 752
257 563 939
486 520 145
219 147 771
240 446 720
565 536 744
661 713 286
378 713 711
712 507 424
269 843 201
858 756 691
416 251 955
369 621 29
854 904 753
272 381 745
896 771 933
264 545 303
432 29 691
10 962 558
207 460 794
102 668 460
546 624 355
64 472 86
226 905 228
439 569 984
260 540 483
134 852 246
100 525 62
661 56 859
519 271 197
278 516 453
424 786 830
597 405 321
385 186 570
238 547 790
970 377 830
527 995 444
162 387 958
662 421 828
41 410 552
240 636 574
419 822 671
178 232 402
88 278 49
502 877 187
602 597 11
957 886 554
601 901 330
682 257 850
504 799 118
100 796 599
958 969 258
973 915 490
548 885 596
732 68 320
734 244 312
14 154 558
267 259 222
883 965 275
912 774 889
13 628 694
124 83 374
371 33 790
567 680 755
211 708 300
381 385 609
622 314 927
435 102 886
939 818 167
876 559 619
745 266 15
963 234 966
936 914 498
998 621 648
732 447 773
392 948 656
448 535 414
214 499 501
492 529 451
580 244 963
258 56 250
397 360 205
543 280 918
821 992 599
785 610 852
928 255 398
174 873 298
302 35 820
662 515 950
513 125 843
864 663 428
156 863 719
212 747 541
17 941 63
331 0 480
852 897 964
281 266 619
818 785 514
780 93 986
319 134 851
918 332 396
12 187 259
865 720 294
276 365 104
371 851 235
525 178 320
343 822 731
21 957 169
580 783 646
895 778 320
114 944 669
356 739 937
50 215 57
829 250 799
778 658 918
616 166 296
997 486 523
317 303 154
701 473 464
327 768 904
347 113 331
732 861 118
562 910 228
428 578 607
187 122 9
54 841 728
904 218 648
2 657 911
178 906 797
301 783 475
881 122 959
423 637 105
841 467 880
339 809 49
787 18 749
179 599 17
533 170 294
771 790 872
125 710 671
850 776 385
184 27 959
973 681 99
566 157 466
592 646 931
138 713 706
496 458 39
273 860 648
588 646 653
373 707 215
542 48 281
754 977 625
149 378 709
758 502 168
123 895 632
928 145 884
445 342 458
256 742 116
738 996 430
935 972 950
343 816 995
26 521 628
19 985 960
438 888 853
992 623 229
615 415 232
135 417 213
31 526 566
130 816 185
308 888 901
134 170 652
83 796 330
282 900 134
493 933 8
930 892 818
755 145 77
461 711 552
724 436 697
387 986 507
955 42 441
888 475 869
739 146 70
379 25 768
223 728 968
942 502 492
114 227 301
222 228 995
711 385 877
227 947 605
122 375 689
912 854 927
259 848 26
66 478 922
706 185 574
690 359 333
684 519 299
472 110 3
708 81 184
132 650 995
252 974 848
994 168 144
719 573 810
380 649 12
957 927 492
71 854 120
402 284 35
230 42 178
865 221 931
873 882 480
779 102 954
237 633 177
458 886 585
480 895 133
815 213 53
66 496 972
253 976 59
896 289 624
507 182 362
57 5 702
743 207 910
214 988 896
96 710 246
107 617 296
54 24 848
110 763 33
746 149 973
848 880 771
795 482 84
542 186 253
551 654 449
763 362 776
675 422 677
915 217 977
325 889 773
109 4 323
346 8 476
595 245 697
667 307 137
264 33 274
823 307 612
661 628 634
236 206 116
460 175 25
545 827 662
884 926 990
264 159 200
124 303 513
117 187 224
953 384 1
751 626 941
998 711 898
54 650 521
671 245 798
72 272 580
180 776 573
901 435 710
62 235 312
27 790 510
744 803 219
225 918 936
774 370 922
116 647 826
138 546 200
830 910 225
760 251 658
967 456 624
258 617 25
569 370 927
264 111 336
413 843 805
706 951 237
36 236 133
597 595 839
600 577 500
509 299 267
92 395 432
566 158 517
44 162 480
232 885 120
495 442 876
402 519 31
745 112 807
240 138 453
515 37 376
225 258 920
391 158 748
59 479 783
135 488 68
42 363 161
648 290 549
763 147 667
281 256 727
998 865 817
130 509 249
762 456 756
381 590 197
607 314 456
853 509 868
282 642 329
193 9 804
758 465 642
154 477 26
452 182 751
991 955 444
58 5 167
570 960 750
907 296 659
566 31 661
561 557 600
494 860 102
388 533 737
348 1 230
461 495 398
944 534 376
214 74 513
375 880 181
237 774 706
970 308 249
797 823 538
659 903 171
7 597 269
602 894 183
329 853 930
40 776 970
874 885 577
230 83 61
364 558 799
966 47 198
882 185 884
170 311 548
99 593 20
373 584 399
639 163 92
283 608 865
495 175 298
335 426 550
790 122 785
605 341 24
659 646 273
697 253 83
773 566 855
419 631 47
908 86 672
896 880 558
51 156 53
566 14 249
50 472 568
209 659 462
414 190 574
172 8 969
238 734 129
95 250 300
265 316 687
65 57 490
573 335 287
632 232 827
921 589 506
371 386 911
975 540 427
315 51 376
796 709 127
24 311 346
137 385 807
113 162 523
968 511 240
936 775 518
437 951 150
155 805 965
321 863 407
508 430 742
321 729 260
693 216 562
651 248 923
195 405 404
665 496 998
179 742 897
221 192 64
632 30 170
891 456 697
995 295 354
965 276 966
897 311 908
711 806 493
118 281 990
580 464 90
701 343 518
635 952 922
24 68 637
440 545 543
191 479 188
622 44 701
957 185 566
887 677 739
944 296 783
677 550 777
211 573 63
506 538 474
254 52 562
633 947 409
24 304 374
889 770 67
143 66 615
719 269 807
663 503 386
857 555 982
407 504 709
700 733 861
412 993 920
834 374 52
7 558 620
689 693 759
529 34 698
626 413 109
89 187 845
522 500 578
416 364 115
355 683 375
437 483 183
390 972 864
574 974 8
433 863 702
655 656 76
902 784 968
95 465 343
469 287 993
277 161 563
56 578 187
420 550 46
184 107 241
910 616 778
572 636 531
767 438 227
914 171 625
306 392 667
264 896 646
860 907 950
713 829 765
169 478 593
561 656 959
54 827 847
498 890 965
274 307 731
255 935 880
94 611 157
25 334 11
454 221 724
609 803 726
665 727 39
709 210 544
481 522 36
870 624 873
301 379 2
825 356 383
637 911 36
968 259 682
438 855 275
215 237 829
828 417 509
660 640 814
249 833 360
381 186 86
859 221 819
704 851 965
806 204 183
451 193 420
859 788 568
796 860 475
94 529 820
368 382 454
948 975 464
108 647 532
139 777 474
732 124 967
847 771 268
334 963 312
529 942 742
870 442 933
957 579 734
392 489 674
939 483 636
856 841 391
596 739 883
998 995 179
375 567 246
71 289 247
41 412 250
417 609 952
124 84 731
456 816 748
989 264 436
181 162 364
610 887 482
247 72 135
620 268 464
201 990 717
356 315 286
321 375 571
348 319 984
907 897 222
408 645 93
248 532 46
654 603 265
345 159 506
389 100 66
506 873 133
636 863 962
650 898 916
660 925 708
427 536 141
856 478 611
469 238 271
973 550 96
674 863 742
991 212 178
539 57 389
988 914 193
604 981 681
255 863 351
91 133 705
862 575 286
755 119 919
453 836 771
844 642 559
428 873 344
229 754 665
957 944 351
0 56 230
314 160 240
253 844 501
139 354 201
163 992 256
997 801 104
152 462 12
281 346 628
88 861 604
406 839 989
729 430 809
739 991 981
78 672 188
494 852 359
3 387 330
835 634 369
749 937 122
482 280 31
614 274 815
768 307 102
358 399 47
681 686 804
657 614 308
135 895 563
698 155 337
341 67 48
25 224 23
73 48 114
775 411 903
171 777 597
355 115 776
137 96 552
72 696 978
869 274 608
323 40 733
711 759 491
609 839 353
133 376 547
22 678 755
84 399 258
726 696 764
592 578 656
379 919 449
640 264 451
69 17 573
142 728 679
634 863 247
478 760 559
920 761 86
752 989 937
21 479 466
563 662 107
717 509 478
414 334 234
4 260 44
807 735 926
308 411 770
769 213 404
440 468 759
86 594 26
81 607 406
69 248 393
503 257 47
593 447 136
493 522 202
829 630 374
857 907 156
563 681 756
301 290 385
161 124 704
156 417 185
198 745 950
115 553 65
254 26 128
970 572 921
561 913 687
901 272 476
136 439 718
379 71 665
14 655 674
323 122 788
525 17 28
765 969 694
212 457 664
298 170 7
773 724 950
843 283 982
932 84 854
117 769 798
915 852 172
697 806 521
680 569 320
593 991 970
202 169 793
81 405 856
190 920 329
713 580 534
554 807 44
890 339 295
668 559 941
737 810 753
414 84 246
987 262 968
606 151 9
870 498 231
890 948 603
477 746 69
86 166 856
241 619 987
152 737 61
278 557 187
650 482 483
820 581 159
763 415 639
128 379 334
290 824 698
343 928 986
939 817 265
147 85 209
41 335 807
406 501 541
975 940 740
577 170 119
667 339 443
699 364 185
36 745 850
303 384 732
