235 447 584 1266
555 598 949 2102
509 144 396 1049
320 392 965 1677
426 241 300 967
175 543 785 1503
187 897 668 1752
910 465 114 1489
450 104 167 721
691 282 964 1937
933 818 863 2614
55 593 412 1060
78 596 387 1061
671 504 188 1363
220 613 598 1431
982 729 247 1958
493 190 430 1113
810 591 458 1859
691 683 831 2205
659 701 220 1580
693 871 56 1620
536 39 912 1487
411 757 28 1196
454 875 860 2189
259 172 548 979
754 355 383 1492
815 349 159 1323
580 996 587 2163
613 475 541 1629
857 577 508 1942
372 715 43 1130
416 240 378 1034
149 305 257 711
773 953 899 2625
130 88 595 813
290 961 229 1480
882 332 640 1854
340 255 208 803
988 381 45 1414
156 521 367 1044
609 516 622 1747
668 421 538 1627
543 561 260 1364
9 276 768 1053
902 486 636 2024
1 836 369 1206
398 967 111 1476
17 579 333 929
541 614 318 1473
61 852 366 1279
285 752 971 2008
58 164 206 428
800 513 700 2013
873 292 930 2095
24 895 457 1376
412 155 533 1100
57 720 251 1028
650 865 644 2159
430 517 24 971
95 358 715 1168
948 65 367 1380
649 698 541 1888
85 680 797 1562
624 319 221 1164
6 239 465 710
332 633 308 1273
188 318 346 852
447 231 744 1422
343 211 771 1325
715 313 446 1474
935 606 216 1757
522 127 999 1648
103 387 680 1170
589 502 591 1682
359 473 623 1455
68 216 990 1274
624 217 421 1262
491 907 691 2089
553 546 567 1666
333 640 25 998
16 164 695 875
552 900 880 2332
860 434 234 1528
481 602 542 1625
143 611 566 1320
696 882 701 2279
981 18 727 1726
686 223 873 1782
61 212 578 851
522 288 582 1392
28 458 610 1096
552 634 659 1845
270 806 357 1433
886 173 528 1587
140 363 591 1094
477 363 548 1388
625 65 649 1339
207 28 281 516
467 545 682 1694
907 864 692 2463
