446 2553 2217
3609 1491 2889
153 2710 3904
3340 3277 1674
2368 1761 2711
1704 1075 2999
3847 1540 1052
3090 1446 300
2168 35 2923
2378 279 1755
3916 860 2211
227 2587 2491
109 143 869
3823 466 335
1697 2895 2245
3530 1054 1987
276 1755 3894
739 1326 2753
263 2451 815
2826 974 1705
3920 1977 1529
908 2252 1229
235 1591 803
3708 3509 787
2796 580 516
3101 2597 2284
1710 500 3769
594 978 1458
3660 2380 2007
1666 2936 512
2319 750 1016
2034 835 546
3358 2208 2876
2378 3721 1390
315 3869 3349
1756 424 3274
3607 1449 1862
151 3478 890
1595 2385 867
2116 512 1526
991 1304 3335
3264 1952 3905
801 3865 3580
3520 3373 1761
3790 2438 3446
3877 3372 3742
1349 3465 85
1024 292 3607
2155 1419 3763
2540 1375 3737
3911 3748 3685
2971 191 1941
3845 1620 2269
1470 1834 2834
3665 1092 662
3343 2593 3847
2618 2408 585
1437 2681 2789
1523 1542 1568
2905 3574 3546
2993 283 1447
1446 3003 1732
2863 1676 990
3966 1863 3658
1927 2285 1038
3489 80 1223
209 1375 3007
152 3668 3827
2617 2724 334
1059 3169 2973
3453 2944 2017
2789 955 3265
3620 3035 385
2324 3669 3636
2230 3021 1160
2851 1817 3526
3741 3619 52
717 2143 73
1397 718 773
1960 1691 11
347 3874 3736
2850 549 3085
2595 2329 280
2780 1612 2167
3070 2883 1696
282 308 3390
1925 173 3795
1449 1569 328
2245 2315 685
942 2761 1245
2336 2624 3992
3695 1829 1148
3453 2214 1932
1014 1755 3708
2209 720 870
1675 3222 3613
2857 1435 3632
1360 667 1874
1914 3643 2267
2398 2866 641
486 1312 3282
1177 3016 3334
2908 835 690
2321 1960 1563
2913 2401 1476
1495 1790 2954
272 539 1871
3980 3490 3328
1972 3684 3963
2936 655 3514
1995 1904 2125
1396 583 2851
2300 3464 3988
3813 1016 3361
79 2449 175
1805 1196 2901
3045 385 1698
3084 2075 2389
1109 3996 27
3103 285 2378
1972 2737 3471
2404 1394 2387
1827 1361 2767
3134 1774 784
335 2638 1563
3521 2634 2018
2614 1714 2266
5 2629 3126
1878 1999 3740
2725 3999 3975
633 1561 7
3638 2202 944
2307 1742 872
1103 2235 937
1668 2854 3619
3212 775 2179
1406 3433 1176
1600 259 1496
3962 825 1993
99 2534 2384
2629 3132 247
93 824 2608
3124 1844 3574
19 344 3574
2890 2690 2859
1733 1292 75
2409 2211 1261
60 150 2334
2510 858 1886
2354 3042 1903
3948 2674 2460
3645 2803 1012
3115 3757 2691
1757 2599 2586
3634 2873 3808
1340 3288 2190
1706 1785 1805
1675 1974 1850
3650 2046 2612
2995 2614 1795
1928 1867 1380
3269 2127 1722
1605 1372 954
631 756 2822
1971 1433 2259
1437 1075 2967
3262 1360 3416
2239 2496 436
3707 131 1764
2436 3206 924
1117 2424 662
489 1467 2489
3486 1797 2200
1632 3852 249
549 518 144
748 934 711
27 2949 863
2863 568 1422
2006 3884 2012
1486 3044 3233
1379 876 413
3698 613 1929
749 79 2999
2869 242 1175
997 2602 2924
1604 205 272
392 2771 3484
2660 1535 711
352 2489 2633
663 3010 3495
3541 747 1979
2097 1425 2925
3414 233 3558
2046 447 2706
284 532 3141
1752 2625 2495
2411 1537 2105
3359 614 3287
1433 809 416
1147 2609 3063
1048 453 3685
1776 261 2942
2785 25 1212
1478 3289 1189
679 3739 3396
1626 3492 1671
3766 3692 1755
754 1836 1333
1656 2833 2481
540 1224 725
543 1597 1923
3548 3372 3300
392 1411 1629
1496 3510 3088
698 856 1082
2871 1253 1866
1262 479 712
751 7 2266
2075 1925 988
2889 3817 211
1576 2388 2539
2803 1128 2324
840 3185 1906
2164 915 147
122 1724 366
2887 2475 1134
2515 118 1788
3534 3510 804
3376 3260 1771
3950 2897 1245
2375 2962 2860
3247 3697 1365
485 3327 266
1392 284 3205
1423 2349 606
1004 1986 3860
1907 2938 754
3792 3068 1639
3621 3731 123
2326 3184 2756
3034 218 1972
3127 3956 577
2207 993 2
1391 2860 1479
1067 3372 1238
2347 898 3121
2348 2418 209
1648 1181 3844
1488 2838 2886
3197 1083 3029
2302 1873 3299
3880 2010 1128
3052 811 834
2698 798 3565
1424 3612 1638
2322 806 1967
2330 3013 2536
2962 1795 1777
3691 2745 893
2011 3177 371
2150 647 3409
416 2984 1659
867 2476 2404
1036 1817 2756
3149 1343 1657
666 1259 841
1633 2539 2
3681 3789 1898
639 213 2280
2239 1637 999
3106 257 3834
3126 1207 1899
3498 661 1839
3723 2723 3927
1023 2383 2135
3828 356 3945
164 3644 2461
2718 2450 815
3970 3737 2765
386 2619 2354
442 3988 3799
3099 2933 404
1359 344 1170
1624 1123 3846
515 1631 2281
769 2806 3769
1341 654 3242
839 3165 940
1763 2255 1692
1865 991 180
2437 3189 3597
1524 1383 2985
2909 1201 1260
3084 2230 2331
2795 3889 3351
2932 1320 1499
3262 2892 3776
2124 3982 3101
2264 759 2619
2184 1776 2060
3777 1567 3064
3480 35 2547
3978 2060 1033
1527 1152 339
611 3035 1069
1467 1500 1769
2727 2810 914
1226 2063 2640
223 2508 3385
2278 2030 1467
66 1758 2774
279 2325 2124
2626 790 2035
3646 1723 2942
2923 1496 2583
680 55 1169
3327 453 1310
1111 1608 1142
3901 2573 3981
1295 732 1381
1413 2469 2881
542 860 1428
765 394 2533
2935 746 633
894 196 3272
1487 3967 111
757 472 696
155 920 2812
1054 3815 1049
1031 2524 2023
3930 3219 2261
3215 207 521
2489 3430 2534
420 1997 1177
63 3885 1464
2866 3104 2033
3696 485 2035
529 3575 1007
709 3997 765
847 3098 1470
1938 1840 206
2246 1449 2042
1130 2700 1153
1126 847 2828
2824 1120 2278
3026 1544 3635
26 1162 831
2141 248 1077
780 3349 3896
2144 3314 502
3553 725 2677
2438 1822 3911
346 2806 1630
702 3269 2918
2759 759 644
3105 2948 2576
2313 2532 1776
1519 3231 885
2498 2014 3005
1542 1105 455
393 1949 1134
323 3418 75
3736 2348 720
3431 2033 819
3286 311 3168
958 3930 2412
3360 640 567
2502 219 3004
2388 3134 1621
3654 224 95
2185 3832 2071
2135 59 3640
2491 2374 1597
2882 2955 1009
2293 3281 606
742 2002 1128
1289 2373 3526
2592 3878 2369
3000 3596 3022
2588 1214 1183
245 764 1116
3314 2122 867
1101 3860 3580
2116 1365 3051
706 2766 2733
3368 2869 1594
2859 774 1345
3798 739 799
444 3851 3025
3926 933 1697
2566 1399 2496
2296 1412 2370
2539 1917 512
1742 17 1144
3665 511 1872
418 2511 681
2283 634 2757
3382 2968 3417
643 2510 2873
2863 1120 241
543 1241 324
2362 3277 2072
1069 1310 2832
1803 416 2670
3613 2535 1146
3621 3629 2444
3623 3952 1037
1680 3749 2150
1979 1704 3870
1975 317 2137
347 177 2699
2962 2350 321
792 548 282
2258 3517 1245
3429 680 1832
2575 1103 1686
3083 1192 3124
904 2337 1263
2483 3081 455
3940 1282 700
2804 649 2518
2971 812 2251
1439 2176 3750
2524 617 93
1712 193 3885
2527 2106 2787
1267 3118 2523
972 1784 2286
81 2624 1896
2459 1878 3817
561 2863 2207
2859 147 3743
481 257 319
1085 2511 1619
767 2845 1674
1708 2106 2457
1495 1617 842
3617 683 631
789 303 3079
1930 3122 395
2609 622 2762
3668 324 3882
2483 1850 511
3405 1891 3565
1477 3786 2155
2123 3561 2684
2089 1440 117
3048 2541 1392
1054 354 2583
882 3609 2437
3240 2552 3817
2399 3383 2782
2366 1330 2710
2800 1552 998
3345 3469 2012
3376 3080 2723
694 1706 1641
2576 2455 3545
3185 211 2038
1163 2233 538
3218 1118 3032
3411 2709 2889
3260 543 1330
2857 3792 741
2925 3170 45
266 2731 1363
2019 2745 1487
2066 1640 987
635 174 1932
1375 743 3936
2013 896 3799
1857 2674 1574
939 1417 1656
455 291 467
3965 3347 3087
1120 1617 2740
1257 898 3290
3941 3900 3855
1897 2540 3695
3348 1501 666
1551 1051 2710
1283 2261 205
3234 1996 186
977 1720 1790
3631 1359 1404
3996 2958 3065
3869 1724 760
3206 2553 3982
3538 1838 2679
958 2199 3443
1929 2001 3058
2267 810 1586
1887 977 2909
2456 1119 3940
3961 373 3954
174 1746 879
3070 2759 2198
3088 809 308
2184 2106 538
882 742 1314
2194 894 514
3880 416 311
3141 2378 3421
2078 1859 1339
2528 1043 2752
903 3003 3192
840 1513 2109
209 3973 2557
1474 2959 1675
2142 1951 2237
571 1010 3856
1069 1034 3207
2250 3582 2618
1807 1271 965
250 677 3115
1673 1969 2349
979 294 4
3220 1600 2856
2571 1653 2839
1242 983 1219
715 3063 1285
350 642 2865
2749 466 2073
3270 261 80
3691 1534 764
973 1569 708
3900 412 1974
581 324 2469
2780 2923 3775
426 3397 2130
525 3758 3042
2732 2431 1057
2292 2106 1147
1692 1866 1903
346 393 267
231 3805 3833
3210 2299 623
2196 2386 3828
618 211 2146
1243 3373 2320
2156 454 538
1639 938 3439
1216 2669 1650
941 741 1220
3414 964 3404
3802 760 2293
2860 1348 262
1849 179 226
669 2553 3038
472 2063 2609
3954 1113 1993
1374 3897 3736
1936 2519 3081
828 2137 223
265 2888 612
3578 2272 1529
963 2338 785
717 3569 31
373 2894 958
2701 317 3709
3639 2869 1652
2346 2861 3476
1916 330 3291
1590 396 810
1779 83 3770
856 2815 1911
2295 1309 2075
1634 1988 2382
2966 508 3847
812 1944 3358
311 1704 3191
231 111 1774
38 978 313
2356 2239 892
3940 213 2312
1997 2400 1187
3670 3785 3327
32 138 1085
1978 990 1892
2143 3988 451
2102 124 852
712 3108 743
1008 1106 369
1048 684 1473
2202 1470 1848
2080 3211 2191
1331 1593 823
1482 24 1674
3005 1004 1891
2433 2705 2271
3861 2268 3027
2380 3584 623
104 1126 2313
3306 2288 2266
3479 2985 3143
1209 2732 3949
2508 935 2778
3170 3535 1372
3199 739 3659
2888 1679 781
2913 3835 1825
928 1159 894
3827 587 1208
2524 1771 847
200 1863 532
3841 580 2845
1615 25 3031
2921 3636 337
1749 1528 3994
1790 2873 2469
2584 3102 411
3791 3247 3164
2993 2965 3289
1506 1351 916
3500 1293 2176
1696 1706 3451
1600 3221 1569
1578 3936 3908
1778 1669 3230
2485 942 2787
954 1446 197
3215 1891 2811
3853 1956 2809
1155 256 3096
2802 345 1854
3406 354 3853
1703 3754 1092
2009 934 2471
1297 201 3722
3965 891 3309
1479 3770 2636
2091 2015 134
3073 2532 912
2049 3966 3879
3311 2896 3770
1131 2575 731
3829 2898 3290
3641 297 1332
1774 545 743
2939 1516 3872
508 2947 2152
1761 2498 2685
3621 3799 2525
1234 1832 1090
15 2038 2701
1689 3651 3158
2235 2631 1337
2579 3113 1259
875 1911 3819
3593 1505 2740
2920 915 1589
3029 1157 504
1819 3332 395
2879 2072 617
1267 2851 3590
957 1168 3963
3581 456 2227
1125 692 3586
3197 3854 2458
268 176 1095
2865 441 2479
323 2128 3598
3677 616 1347
2589 3922 391
3134 3580 350
907 253 2353
3111 1933 457
3110 894 1565
1651 2022 1793
936 3873 3486
1369 2868 1096
1206 2053 2126
2153 1841 271
2892 2861 358
917 1607 3783
1761 379 2217
1725 3385 2490
243 837 306
2594 3971 3702
1891 567 3479
1238 3616 1912
121 1022 3959
1115 725 3838
448 1053 3768
1841 2819 268
738 3426 2468
2972 2838 3350
3390 1025 21
3314 3637 2155
656 2262 3561
3008 1919 2748
907 3405 842
1148 3036 2686
172 3582 1860
3182 3881 2233
299 2922 3412
1093 3477 518
2900 2000 846
1815 3562 285
3655 2853 1709
1749 1583 2972
3321 1028 2894
422 889 2666
484 3136 347
3270 837 529
1054 3349 1579
3057 505 3899
2530 2202 1584
733 1142 3928
841 819 2659
2870 2386 525
1107 1534 1508
715 2957 1166
480 232 1280
3177 333 3413
1508 2214 1720
2467 3469 1932
544 174 976
2258 800 2031
3616 3465 3156
1847 2939 3277
3878 1305 3896
1418 2208 2397
662 2026 152
3682 147 3243
98 3147 2164
2449 3719 2060
3206 2226 2795
832 3005 3877
3567 2970 1642
2701 1224 698
2872 287 3954
922 2032 2744
2599 730 2209
3273 31 3644
1018 1541 317
3761 378 1456
796 1029 2896
2814 2137 1910
2754 2504 3538
1123 2381 1041
1139 3194 1849
2071 2055 3437
3722 3563 3803
2395 2782 2217
3717 1817 1569
2761 140 3010
3484 2998 3554
1229 1460 2272
2603 201 3440
936 2295 2161
2500 1015 2980
1091 3473 2397
3784 3630 1857
3008 3314 2552
557 3173 566
2612 1940 2727
399 1342 1895
3946 759 1762
3085 1285 3658
455 1501 875
799 1114 2820
1251 519 3543
2709 3562 2800
1557 3922 354
540 2643 3833
3311 225 3055
3480 1630 2927
2449 1531 2198
3918 54 2837
1560 3620 1872
3615 1026 1558
3873 808 2636
947 2255 3536
2198 1403 116
2952 1829 3138
311 1901 3030
2039 674 976
125 3661 117
3078 2480 2808
260 3507 2746
148 96 1360
628 1517 1782
3604 2098 1251
243 2917 411
343 1736 2129
3673 1187 1117
1737 1198 2152
1275 2768 986
2336 1885 896
3305 1565 1661
2199 1496 1270
2725 3334 554
339 343 388
3806 3330 1296
2616 3354 3394
1121 3419 126
1381 766 2071
1191 2966 116
3854 3071 3957
3001 3137 1989
307 2837 2195
556 175 1843
2888 1024 960
24 1786 1390
3955 198 3977
1914 1666 29
2110 2428 3127
1052 572 1084
1030 3922 5
3000 20 1291
41 3925 3764
703 683 1749
3850 774 1639
3027 1931 2868
1905 2983 1063
1426 1555 1601
122 861 2636
2969 466 602
2996 3401 1511
2837 95 3556
380 3339 1909
1248 271 3719
1344 2109 2781
3548 2484 3598
1387 3051 265
3436 3492 85
1132 2193 1977
2774 2954 11
3895 2447 2263
3925 1218 3830
2714 1105 3152
2454 288 38
1617 2841 678
3840 2091 2967
616 2988 455
680 1718 2190
2426 301 3303
2303 3188 3492
1046 1497 2737
697 1127 344
1532 3716 2145
2254 1216 2517
826 109 3926
2301 664 1327
1977 2930 3518
3116 2619 606
2959 2751 2791
209 1517 2635
2012 3103 3286
937 265 336
41 2443 1644
362 3194 50
1003 865 2782
2267 3128 2243
21 2986 3800
3891 1782 3182
1867 2982 3217
3805 3973 301
3840 253 2222
3848 3892 2800
2549 538 2059
1781 3752 3248
1102 649 3073
1089 1413 3432
2794 2386 2630
2589 836 274
3479 2958 2378
1051 1303 659
2821 1494 1444
2661 1405 3494
2079 3284 1248
3260 3994 2709
2085 3313 2571
1437 1781 3882
1389 3314 3227
2530 3669 2956
1606 3879 2070
1365 2734 2604
3250 678 582
2053 1818 2093
3162 1820 3742
2302 3856 3958
1116 3810 893
488 3115 946
723 1330 1937
662 321 3197
3402 3653 863
2915 645 1093
108 421 1031
2338 1792 97
1585 605 1611
3743 1513 121
2793 3780 97
3608 2301 1925
3417 2767 2939
3991 2701 3981
1317 417 2183
1830 2379 1452
2802 1966 139
1142 1543 1496
230 2579 162
1359 1924 1994
1272 2729 3826
87 147 3443
3383 3318 587
3321 2871 3025
2237 233 1864
443 2426 323
1216 2373 3075
2017 1746 3671
1259 627 1151
536 2096 2142
2570 1315 499
1682 2190 1422
2924 2774 2361
3042 2019 1273
1455 2004 188
3721 134 1127
428 2320 1511
994 664 1496
2913 1055 1090
1307 13 990
978 3037 1579
3991 1120 2992
3773 885 2391
221 1195 681
3901 3340 3725
3011 92 683
1838 121 2971
953 3266 2973
886 714 2671
2101 262 506
2315 1768 1180
2910 200 3131
2673 2330 1352
2761 1445 1308
945 1729 2106
2119 1205 461
1431 3257 2278
925 118 3463
1283 729 3478
3772 1709 2861
1013 378 1200
3252 3340 2928
1093 337 1708
905 3826 3464
263 1278 1458
1749 2216 2739
2002 2019 3370
1146 319 1471
3416 1888 2573
2713 2780 2625
3151 723 1552
745 1679 1338
440 3308 2445
3186 2881 3655
3205 207 3898
3579 1025 1273
390 2273 3527
1551 3308 1264
2393 851 3419
380 2829 3903
3826 247 1400
461 1690 780
793 3303 3825
1582 2396 2248
841 1203 2331
3500 2199 733
3653 3320 1713
3369 2124 735
126 938 2058
2766 2608 805
2457 3322 2609
1936 1250 2431
339 729 1353
2550 3824 2918
22 3545 3220
3731 3007 1451
2292 1210 3101
3285 2067 2377
3638 392 839
2644 3496 1133
2486 3009 1334
2659 2641 1101
731 1143 3903
2188 1370 3983
781 1636 3487
3600 3469 597
829 1760 1581
2308 1450 2150
2057 335 845
1159 2331 794
534 2698 544
3004 1485 2004
3978 2274 168
3606 1430 427
3104 3619 2970
1207 800 1754
2091 522 1919
2724 1787 637
224 76 1233
2185 1748 3757
1248 1469 3733
202 1265 2171
266 3279 3067
3408 916 552
1343 2580 3338
512 4 2659
2354 2036 2660
2575 3461 2926
3018 1184 3500
2272 1733 3507
1794 2057 2161
2180 1996 1267
3172 2379 2772
3698 3854 2081
396 629 572
892 1195 123
1858 2800 1530
3966 1634 1220
122 3314 2822
1079 1974 1132
764 3497 237
3890 3645 2478
2124 551 3882
1266 2705 3263
2652 3088 2740
1902 2128 2282
153 1372 370
3156 2470 3295
718 366 349
2685 2145 1596
1270 1990 1642
490 45 2864
1139 1094 3574
3236 3757 2369
1906 1683 512
3604 1286 1281
3150 757 207
671 1965 1227
2542 1301 2756
3745 1272 1558
2828 114 243
3079 3632 3667
685 3775 3160
804 3480 1681
528 2808 375
3284 3070 2211
2193 3708 2796
2613 3767 745
247 3891 420
1085 2964 3650
3070 2832 2989
3043 2866 1534
1774 1994 247
361 223 2339
1470 1247 3374
2377 1154 919
2745 3343 1892
904 1713 1695
3226 1856 3309
1360 3639 2227
1676 300 3705
3584 1021 1090
1074 2033 75
727 902 29
3910 2279 834
698 536 36
3988 267 3771
2730 366 2948
3676 3428 1754
3671 2118 3848
3872 2841 3382
1540 3687 985
2968 2801 1181
2848 1124 1150
2433 2168 3249
3952 3779 222
3549 1650 2059
2831 671 592
1358 2805 3572
3959 589 2295
1081 2443 3340
1642 2214 856
2299 2223 3819
729 3233 1078
1136 1220 2464
1441 3983 2245
3280 2641 3105
2055 3375 2509
3406 636 3593
2184 2594 3612
1480 1452 1057
1587 2570 2742
665 215 3966
3924 1548 3569
3648 1809 3906
3582 1808 3914
1311 3307 3427
1469 3559 1885
2110 319 955
2398 234 1815
3101 1520 1816
3999 2914 3775
93 754 1004
822 2349 1188
1742 191 2358
40 1455 927
2082 2739 824
810 3362 1221
1493 1200 1576
3288 3225 3159
1247 3321 2494
1384 2475 2570
1706 3800 3496
3025 3501 379
3182 194 2323
3556 27 3938
637 443 826
2166 2202 1016
3299 1580 3543
2994 1427 3801
2623 3331 1881
355 1390 2467
1723 3980 2226
1165 3776 3091
1594 2787 872
3221 3454 3369
3093 3007 278
1840 2198 492
3755 112 930
1080 2209 1821
178 3981 441
2143 2848 1482
3291 1291 2535
3487 3235 2278
507 239 1145
2000 1082 1408
3239 3868 1221
1399 1074 3135
2296 700 548
410 1505 2246
1604 3261 3643
3646 2300 2269
533 2397 2948
1584 979 388
1297 3442 587
2761 2771 285
917 3013 1509
2561 2310 1418
3617 1049 3926
2292 3808 3270
2732 1691 3046
2406 3027 3559
1614 2927 1379
746 383 3576
1468 1872 149
3736 3860 1579
345 146 1688
1253 595 589
1841 1824 3583
223 30 3934
237 2030 3815
696 1819 988
2416 1731 1403
1455 3819 1261
40 955 2213
385 3171 1310
2106 1374 1306
1268 3133 2084
1993 1123 2328
1526 2356 1588
1278 309 1415
1464 3845 3321
508 3548 2746
2001 3158 3572
1442 2037 139
193 940 2097
3529 2435 3453
2208 2337 2254
264 580 1463
2433 2773 1534
3114 965 3112
12 1984 2710
3325 353 3846
3099 2436 2168
3123 1010 677
3296 153 3229
1778 1511 1136
2987 2612 1579
635 3176 3769
3051 2450 2242
1068 2988 786
2860 1460 2512
650 3232 1667
2397 3118 3454
3548 1407 3278
193 1769 1030
2883 1048 3654
139 1099 2709
3411 3900 2400
373 829 2362
811 1255 406
3544 1617 3206
1263 149 118
3746 2104 2143
877 113 2859
327 1201 3015
3403 1235 2970
2635 44 1427
250 2847 1160
681 3496 3150
2559 3109 1837
2229 2412 1120
600 2229 1258
3696 2893 3348
2275 3211 3263
3314 3679 1444
2564 3170 3113
3791 282 3841
1725 2890 3460
939 2963 2483
148 3326 1342
178 2504 147
2366 2242 428
2118 278 3828
148 283 2528
1352 3315 3169
2345 3375 3816
150 1634 19
2795 3337 244
3161 2739 3249
3858 3913 2260
3355 72 3530
1543 3504 3883
2125 1361 1583
3220 2924 3332
2309 3440 2889
301 2764 283
677 2428 3397
938 3937 410
409 892 2486
2244 404 2141
736 899 3881
2314 3248 790
1964 1718 2138
1903 1666 934
159 2476 491
1901 68 381
2706 2756 1081
3622 307 673
3379 94 434
884 3716 1167
1351 3358 3788
921 1078 2866
2329 3132 2005
1114 1472 3806
987 1564 231
1193 254 2268
2922 1816 3259
3961 469 156
3370 1528 1479
349 3392 957
3335 49 113
928 3068 3714
3003 514 3305
799 1172 2138
471 299 2649
2623 2302 302
2645 1040 2775
2650 1239 1300
2631 3787 283
231 2099 1498
142 3839 1807
2119 2638 2489
2872 1799 1083
2101 1502 3644
2097 288 1688
3156 1899 963
2702 2056 2321
519 3502 1592
2952 2162 1350
1246 566 2895
800 275 1787
1930 220 3707
1828 2324 2658
1366 1758 3875
2218 3219 639
1951 55 1768
2255 480 1090
3596 328 1382
2442 151 3452
686 2255 70
2077 3583 2915
192 3542 3040
2261 3421 543
893 1671 2063
826 1052 3037
1866 2445 3473
3310 2883 513
2327 2990 2148
220 3443 2634
2666 1506 2977
2832 1711 1184
2014 1235 1099
434 3922 1489
1106 2218 385
1963 1490 1671
786 1013 2888
3435 138 688
2088 362 2430
1545 3504 297
1894 1925 3401
1295 731 2327
3813 3328 1311
189 609 1028
1223 2624 3778
1363 1770 11
349 3761 3006
1918 542 3409
2297 2831 1973
3058 1255 2424
1566 1758 42
1307 2197 492
1759 203 2956
3177 774 3800
1135 2122 409
2882 2684 2796
3159 74 672
894 3759 542
856 2365 2589
3132 2372 3641
2489 1850 1501
1235 2061 318
1629 713 681
3044 3778 2141
2924 854 168
94 3414 610
2362 563 1226
3560 3451 1084
1574 3409 1165
1378 3966 1638
2764 1663 1148
3876 974 1628
3132 3973 3416
3945 2890 2666
515 3056 270
3884 2065 2951
1913 3913 728
3387 3215 1685
583 241 1084
1178 3208 3666
49 3658 3104
3928 3029 3460
1018 769 2571
643 696 2163
2596 289 2756
2362 428 3401
2369 606 1671
2698 962 475
1077 3957 2981
2916 1578 929
1973 1405 2606
1611 3624 161
3862 3978 3278
144 3844 3376
226 1716 3894
2234 908 2880
2573 985 901
3573 1118 2130
2687 686 3641
3990 408 1900
3020 3526 683
463 2306 2820
3763 3789 3183
2023 2727 2807
1844 803 1215
232 2511 1000
2588 3723 2280
3165 1938 3172
2942 1971 2775
3848 495 1293
1519 792 2581
3650 3807 3042
277 774 53
432 1313 982
898 2460 342
3036 2508 2196
3213 2531 3269
1427 521 1125
2133 1081 3077
37 3389 353
1867 3960 167
3106 2613 3771
3119 864 3469
3321 1275 3703
3072 3073 1976
3618 899 2647
1301 1626 3086
3973 546 254
3930 616 2574
3264 2973 2127
1560 723 585
450 1223 1736
1753 954 1484
1991 3211 663
1891 2875 3753
3610 1715 1358
1718 1157 1871
73 2340 3453
164 25 145
337 3957 1017
3538 3610 2837
3509 1957 629
3763 2639 1980
3547 3164 2284
2402 1592 2837
1802 1220 2032
1711 1168 35
3987 2826 1380
1110 1836 1042
1815 1193 369
2650 484 339
3462 3025 2869
133 2694 3202
479 3379 3420
3073 2869 3295
2556 3396 206
246 3087 2347
2137 1294 3265
3831 651 2809
532 3511 373
103 911 275
1924 442 37
177 1927 394
907 254 3724
2174 1132 3370
3821 445 3965
1747 2247 3217
3513 3301 2319
1507 2541 260
2227 2983 249
2581 2782 1532
1026 1429 3749
3800 494 471
1259 3537 3445
3281 3126 2764
2387 2380 1766
2160 2944 2267
2574 2260 675
3126 3099 3902
438 3412 3709
735 1420 887
1301 967 2851
2244 1387 1031
2406 619 23
1335 2761 3646
60 787 1564
2385 1090 3502
729 2382 330
2546 3322 117
1860 1525 3778
1842 2180 3924
1607 2170 3985
548 1115 3434
538 1755 2325
1537 2192 3611
1910 1178 2742
3334 2089 1520
983 1235 357
3098 3518 1224
1001 3086 3372
3980 3098 622
3888 3687 3810
2540 1572 3647
3266 2122 3822
3511 2681 2126
2501 1460 3559
2737 1591 3464
609 1478 207
2036 3214 3236
3161 2098 2479
2895 1110 3259
1522 3968 3657
175 3351 2974
3715 1278 2224
611 2215 1157
2904 1096 127
651 761 2506
938 1006 422
2905 2772 694
123 3602 2703
1512 17 2222
2859 909 3083
597 2756 3623
2991 823 1013
3746 700 1303
3677 3151 1184
918 459 2839
3746 675 3527
1947 1550 3342
1551 1049 1579
901 1415 2987
3266 2233 87
1129 201 2690
3039 1055 3772
3035 3846 2139
2860 3630 2714
2844 2320 1840
2123 3662 2066
310 374 3318
1847 1509 785
503 2500 2921
2250 2430 2678
3501 2929 3639
1319 1420 1807
132 410 658
140 1873 1352
3945 2123 289
3756 932 838
245 2278 3424
1502 2043 1875
2117 2911 2498
2071 3478 3955
1021 2125 803
3443 773 17
2907 941 439
1661 1014 337
2041 2054 3300
272 3408 2264
203 57 2927
1985 2342 2569
2466 1945 2048
2890 3218 3883
1442 1541 3575
2347 794 2088
3214 3687 2277
1169 3684 405
2327 88 1467
2182 3977 3286
3776 1097 815
1216 1827 1408
3181 2727 536
1030 3273 1429
2144 1259 1526
2315 2832 3501
813 952 2030
2902 1203 1061
205 505 1241
2569 2233 3305
590 1230 3413
1798 1675 1724
3524 756 3451
2574 1876 689
2999 337 1755
1970 2648 163
2910 2611 3267
2373 969 1861
2800 3606 3987
544 3831 2887
977 3434 194
2876 3304 3216
3978 2998 2029
1922 62 221
201 2711 3460
226 1460 1898
2343 2727 2713
2251 2782 518
1594 3099 2022
186 1714 86
3897 1189 1309
697 2061 1036
1963 3390 3175
1894 3946 3870
3799 3743 3397
3991 3733 3514
2313 3627 3864
1191 49 1594
3228 163 93
2753 2322 1772
3539 884 3256
2252 1384 3035
1029 1346 860
1546 2483 3993
1908 1147 207
3659 171 808
2218 1165 906
2042 1306 2541
2859 2569 1961
158 3754 429
2345 1874 1935
1144 1877 1552
2674 370 3496
1566 1123 64
1551 2994 3951
1152 3873 3689
2611 715 1141
3884 450 3847
2466 1905 1077
691 724 655
3217 141 2494
941 3894 2580
871 2963 678
2312 3732 2974
3384 1694 2056
185 2523 2413
475 3700 3334
305 1804 1318
286 2123 2985
1067 1004 1512
3424 1416 2353
826 1562 1166
3064 551 3154
2966 2567 974
3814 3005 3467
2591 3252 1032
1184 2114 3218
1388 1050 3129
3012 2659 1490
1723 1871 3244
3842 1609 1198
1473 3932 2860
1703 216 500
1011 743 2945
1645 2615 162
465 1591 1391
1230 1271 2512
625 3500 1900
3730 2185 3643
1333 743 71
2802 2113 1207
2022 858 2325
2230 1317 3144
282 3834 2180
536 1243 651
3985 3176 1293
3072 648 3243
706 3898 3152
2355 2664 1181
866 314 3570
1101 1315 88
3868 2163 1513
255 1614 3928
2309 1695 553
3 1492 3196
2820 436 1715
3390 3821 1457
741 3370 2387
1742 1892 1733
3207 2045 908
3931 989 2657
2381 1002 3341
3238 3725 96
3771 1194 2489
78 1011 1071
1672 1015 1194
755 3257 899
895 3544 3476
774 399 3906
647 3331 1708
975 3623 3758
3984 3774 3102
1987 1621 2718
2287 2058 3571
1601 1232 3507
2071 3987 1098
859 1268 611
2372 3124 2951
113 3640 479
1355 2678 659
1865 3001 44
1360 3370 3690
3485 3771 1006
3275 2639 28
2943 2405 3146
3944 2825 728
1848 1341 1767
2998 3910 511
754 573 517
613 1340 499
284 1841 164
2732 3321 3211
1486 3529 1647
3646 2554 691
2729 3553 1070
3517 2979 3162
3298 1114 1119
2595 2622 1111
1167 3861 809
2011 3352 3235
3800 3819 963
1573 3568 3245
2029 3873 2751
340 2621 2337
1762 2075 416
2650 421 3211
1348 2654 2976
3326 2683 3180
103 3270 3617
3270 943 2407
3635 1795 2634
2340 3803 1997
1371 930 251
2944 1030 262
3478 516 3348
2339 2096 3469
3172 729 1917
3413 1249 1251
3734 2399 3388
256 1670 285
71 2090 3561
1664 2660 1964
638 1382 958
1385 643 135
353 2741 2764
3839 749 2144
1522 1516 1156
1515 3052 3634
3702 3891 2787
2914 1206 3013
1870 3464 3092
186 164 2095
884 2170 3093
2081 3142 3022
3806 1911 3372
3967 345 3766
2696 1064 534
2957 138 3078
841 2888 1174
696 718 1077
2917 1562 2934
292 1509 3467
3351 2068 1119
529 2327 113
1769 1290 1705
1948 1648 1899
1227 304 2224
2040 29 2236
1186 2994 3143
303 538 758
2841 2336 2821
3234 3709 137
37 2739 1593
1953 792 421
1648 1081 490
3252 2625 1029
3986 2977 81
1113 686 783
3502 3786 2883
68 3391 165
206 3994 784
2372 1780 2629
470 1070 3949
384 897 375
1435 999 3936
2674 49 2072
226 585 370
1258 3797 1803
981 2272 3882
3023 2077 2516
1798 2044 2526
493 1262 1655
456 521 210
1955 1343 2029
1115 687 1806
1411 555 1759
655 924 1059
3153 2800 3227
1612 2855 2219
2966 1980 915
2644 1217 491
38 3066 1922
81 3461 127
3454 1349 490
3002 2497 839
3548 2447 999
1887 3529 1461
670 3746 1532
2477 145 3925
2604 48 2666
3303 3632 638
2353 2480 2253
2062 3501 2244
3588 232 391
2781 3482 1453
2782 923 1555
2818 3483 2292
1621 1591 1897
964 2759 2063
2809 31 2671
2044 2990 3040
3002 2620 3621
3790 3957 1104
1839 1583 1266
1089 1981 450
379 461 1308
3906 3690 2761
1147 2613 992
3723 1227 3677
551 210 3965
3120 232 2879
2518 2391 895
977 3730 2960
340 3988 2570
2886 2013 508
2571 3960 1301
1313 1774 226
3997 2119 3779
94 3702 2553
609 171 3776
1771 2082 824
2096 1433 385
2511 400 2283
2950 3953 1365
3230 932 2260
3863 3954 3209
3843 2353 3971
3658 343 201
2495 2884 226
596 632 971
757 3018 2222
1441 496 418
291 3305 494
515 1230 1444
155 3809 1831
1260 178 759
2705 1166 925
2686 3407 2857
1592 366 2811
323 514 1103
497 3431 2847
2720 721 1881
3005 2155 23
397 69 598
364 1505 3537
2888 3611 2048
1489 3752 467
1097 744 1819
2578 1584 3444
801 298 3642
2767 647 3382
650 1823 1976
2521 1502 1159
779 3768 1284
1076 3368 1505
3084 3282 2811
3239 472 2277
516 2583 2501
2560 2833 1362
964 3398 2878
47 3702 3108
1235 411 2437
2164 3110 2929
262 2093 1653
1464 2282 1089
2126 1815 1713
1724 1327 1901
679 622 1783
889 3401 3896
3631 3828 1592
3509 3979 1686
2040 3861 1297
2660 196 3823
407 1401 992
3823 2036 442
3873 3887 1712
3751 1543 3570
2379 3858 950
281 3747 2381
3520 1589 2000
3125 905 1880
1349 496 3459
2609 2911 3879
1954 1818 1126
2895 15 970
375 649 3190
674 959 1899
3700 3946 3710
2534 1017 1263
2451 2561 3807
684 2082 942
1035 1376 1510
2760 2513 3632
3632 1606 2443
447 3866 3164
2946 2262 597
567 1300 975
1086 2023 1246
2060 1640 996
3286 3089 2275
3291 1280 3335
2757 213 453
3963 3941 602
3065 3298 1803
1166 3951 3524
1714 149 1646
1342 1365 1100
55 2197 3418
1434 2343 3388
3751 1855 2707
785 1962 682
2335 1686 1626
571 81 2504
3263 2660 3018
1577 877 3489
1398 2250 1186
1477 1345 254
2609 564 942
3119 3469 904
375 3051 471
506 960 1429
3258 2317 961
436 3649 1831
293 2956 720
2604 3531 1379
3366 2705 2922
2833 3346 3989
27 2580 3666
2158 3819 938
1084 545 2803
1718 1035 3504
89 1602 1133
2075 349 454
607 2029 404
2599 2208 18
3916 2378 3109
3218 2728 3029
3539 1399 3663
2459 1403 3916
2180 768 482
3787 1656 3969
97 3369 672
458 3001 548
2105 2957 1694
3392 3496 3198
2346 2892 1288
58 2827 3591
1946 3083 323
426 356 1345
536 881 2533
3768 1931 3862
7 1884 3857
900 1048 2537
817 85 3676
2544 3089 3063
582 2001 1501
2449 655 1382
3121 3969 2650
3725 556 2863
94 593 615
251 1482 1725
1525 1454 661
3972 685 849
1261 3943 2071
3698 425 895
903 1014 953
2863 1125 427
603 793 2572
3188 3213 1615
575 142 1995
2086 2358 734
3266 3837 167
1722 525 1412
3449 1712 3973
3292 536 3794
2903 2285 3503
1415 871 1110
3155 14 2587
1116 2186 3974
965 889 932
3526 982 363
875 3628 2756
1134 1662 87
1265 2115 1475
1591 2588 1348
794 1187 3125
3788 3114 1722
1504 2468 839
236 3400 973
1307 1257 1022
1437 342 586
3353 3013 153
712 297 1557
3771 514 3309
3453 349 2585
1436 945 1485
476 2226 3364
1333 585 2853
1549 3933 1900
231 681 709
1907 2291 2850
284 1810 1618
3140 1389 2478
2232 447 2529
1392 1289 2050
647 2667 3227
2585 1586 2980
1228 1847 2447
3448 3984 683
3165 2422 2519
644 897 1928
3915 3008 2989
888 273 872
2854 1251 1018
3186 1668 151
358 3072 66
2049 701 879
801 1945 351
1194 3403 3365
3100 1032 3565
1716 2931 3950
2853 2965 459
2800 872 1838
2903 1221 2879
3812 3658 24
2273 793 1182
3381 679 2389
3205 307 1474
1846 3022 194
993 490 1635
2316 3201 829
1857 3973 3840
679 2670 1245
3783 3134 3685
1666 1971 931
3158 2971 1453
3748 1498 1566
1544 3092 2132
1309 524 2726
1180 1236 2058
3790 3753 1615
438 2322 3533
3993 1797 2661
2039 3713 917
3117 2622 647
917 302 2569
2468 2970 1651
2226 2927 3621
704 3885 1082
2916 255 992
2622 801 3097
492 1295 3414
3174 2777 2516
3353 1160 3577
2122 461 127
3966 2105 3749
1465 1334 430
3682 1357 2055
657 2782 1556
190 3555 2034
308 541 2488
2229 1800 3542
2625 310 2527
2612 39 928
1706 475 221
1767 180 516
413 1334 3346
3348 3172 2610
1887 3347 3386
1475 2020 1935
3365 3826 3480
2827 1314 2689
1543 19 1558
2744 27 605
3375 72 916
2894 3946 3318
3947 1757 295
2367 1806 1388
1145 429 2488
2509 1908 1474
2670 3540 1248
1492 3425 3240
1576 2597 1919
286 226 44
190 1492 904
1363 3242 2482
31 3397 1494
815 3367 2448
1742 96 1875
3204 73 3735
1202 2437 3240
2238 2287 3905
2587 1831 3410
911 872 2777
2366 3799 561
3030 2248 3097
590 292 784
1236 2998 2728
149 2186 1760
1940 3916 279
694 1701 334
593 2605 118
616 268 1244
1877 1691 3335
2370 2005 1905
843 3544 1475
3902 521 1110
3511 160 1505
777 110 1432
3435 229 3049
1540 1737 173
2344 265 3511
3264 2814 1082
3617 3161 374
195 578 3844
2987 3440 500
939 2471 224
1645 820 240
380 2832 155
1265 3648 1629
1835 404 709
799 3012 2813
1015 3901 3894
1127 363 691
514 865 1978
1432 817 455
2980 1436 1623
2195 1266 1686
2202 220 3445
3077 1927 3453
57 3943 516
1690 1408 1917
2164 3707 1155
3107 553 3514
1861 205 3920
3892 3575 2225
1158 66 287
1969 2367 261
2860 3756 1795
2714 2879 1232
1713 1030 1545
3458 2561 639
1750 12 1281
1426 184 2486
2642 2835 2956
1298 668 240
3518 3827 3534
3509 2910 1220
2987 90 456
2256 1800 116
3457 489 3773
319 1826 2627
300 192 242
180 852 1633
1389 1400 3591
937 1076 1003
1579 1628 2625
2769 3041 3796
1579 3941 3405
3623 1712 408
3366 2316 3138
3014 114 3383
2063 1369 3417
3114 1301 1330
263 1415 1112
1796 530 3204
3449 2237 2450
1543 694 3215
3628 1537 2608
2465 1578 2236
3243 2318 57
391 388 2084
3993 1814 730
1990 2703 444
1293 244 1801
2079 3595 113
1236 1044 3637
86 2845 3886
342 504 2418
2980 2366 162
529 20 3410
2244 955 3224
2041 160 489
650 2404 222
3875 2908 3508
2932 3430 373
3794 3488 1256
1448 924 1042
568 983 1895
1921 593 1566
2055 2012 1695
1064 3893 2044
374 1506 1834
1734 282 3019
3403 2894 2260
54 238 21
2853 39 2132
3491 660 3746
2575 1440 1061
265 1392 2679
2202 1177 613
1666 3338 3757
3799 3122 2053
761 611 1963
3882 2981 3938
2383 762 1556
2261 3566 2274
392 1082 1589
400 238 3939
2708 1451 864
516 105 490
2338 300 2676
801 3708 3248
3448 1551 3814
3272 1386 1881
1014 3272 2868
2864 3066 3026
772 3569 2674
3395 3072 737
890 1555 1238
1973 358 1748
2128 181 882
2877 2954 804
2189 2487 1846
3033 3689 2731
927 3705 2464
2428 1973 3188
2848 1475 1846
3647 995 3167
1825 3188 2440
3722 3963 2285
2106 724 867
180 3173 3050
3206 881 1825
854 3211 1477
3621 2743 414
1505 74 803
2722 1757 2744
2645 1841 1441
295 1767 2580
1283 1046 2448
1150 3300 3459
3049 3109 2467
1086 1855 3309
248 1916 1026
288 2110 2758
2493 3030 3794
831 1070 3494
387 2435 1564
3902 1847 2287
373 1041 1717
2409 3586 2585
1125 2721 2432
1892 397 161
1116 3172 2869
1688 3829 3189
3078 1213 1780
752 3890 1321
430 439 3106
2326 3908 2737
3549 3708 3166
140 725 1342
1521 3364 8
2061 3788 2494
3646 1596 3575
2640 2771 77
1863 1048 2016
1185 3751 3984
828 106 1269
187 1204 871
2516 580 742
734 3 1037
3379 3134 3863
624 2051 1531
2162 327 2124
1975 3811 1552
919 1679 920
2510 1106 921
1948 549 3834
3944 3858 3662
3018 3499 310
512 1921 911
2570 1177 3615
3398 3827 180
2082 467 2677
1828 2370 1499
3608 1227 1492
2464 1994 3307
1792 504 605
3252 3197 3589
3505 3424 643
2833 2152 3054
883 3943 582
2693 3971 3116
1168 3220 1000
1183 1755 618
1991 703 1513
2251 3098 50
2940 3036 2322
2134 3595 2441
3663 3937 2814
3041 3358 897
2069 1826 1116
3294 1435 1478
1606 2415 2206
3348 1799 1457
825 3932 2941
1911 3671 3157
3290 350 1731
206 1998 1878
3744 3699 2625
3876 1491 3398
1780 461 1280
1342 1320 2403
100 3969 768
2054 2060 858
1205 2744 1554
1168 2554 1297
1909 1110 350
132 29 1917
258 102 1325
2758 3914 70
2343 3093 2411
2717 1947 1679
1207 2982 325
1701 1616 3679
639 3077 1354
3140 446 1167
205 3220 1909
3669 2460 3860
659 280 2533
721 3694 1401
2386 1810 3780
2877 2207 3040
153 1701 1936
1034 3686 2570
3148 927 1733
3310 1244 3056
3992 731 1776
1312 61 2208
12 1122 3194
383 156 3112
395 1125 143
3177 1175 3361
511 3501 3924
3246 1712 2591
1345 2782 922
3374 2884 3564
2732 2458 314
3706 3056 2014
3684 3046 1030
656 730 822
1848 2866 2601
2266 2126 263
3644 2075 2980
653 384 1346
2072 1848 1020
1229 193 299
2648 1092 3847
1756 390 987
74 454 2890
3893 1261 729
2799 325 869
2511 3984 579
2886 3089 2606
3735 2473 598
3693 1834 3985
3673 1590 2672
730 1583 3204
2909 856 1471
2768 3887 1832
1869 995 2696
2946 1425 618
2324 1709 3743
3081 124 2026
288 252 812
1405 138 1756
3845 619 2180
570 256 1891
1104 1867 3486
1428 2509 1412
590 162 2137
2094 1528 333
2662 2629 3476
3973 3298 3321
2435 1201 2822
1613 3820 1059
1301 850 952
3543 1418 3195
2452 3538 540
1684 1022 967
4 2936 3940
1289 31 2909
838 3626 3678
3627 3594 3522
858 121 3715
3980 1636 3554
3001 547 2589
1151 2547 3078
1570 2128 958
1423 2243 1496
242 2138 280
3026 503 3181
2749 3544 1826
3975 357 388
3368 2127 2512
1760 2824 460
2284 248 3977
2674 1630 3652
2758 2491 3130
2361 2950 984
3895 437 2377
2275 2002 1853
1169 2380 3811
3095 713 2203
801 531 2841
3652 2455 3037
2722 3017 3875
2615 2435 1256
1891 755 841
3625 3623 1265
1095 1592 3286
3716 1351 2732
38 1071 1266
2304 3162 3629
3382 2990 2877
2511 1107 1333
171 1158 1956
1030 2173 831
670 1477 492
3958 1148 45
3294 750 1675
2064 3142 3869
3572 3568 3157
3333 456 433
2268 3147 1682
1565 1400 3719
3328 1068 1306
1801 1146 3543
1599 1221 3247
3167 78 1830
1410 3886 2372
532 1669 1701
3796 1165 3986
3662 2524 2198
1965 1945 1985
3191 1068 3291
446 3060 307
90 1136 231
253 586 985
2902 1517 3525
3860 990 2118
3133 1167 1244
2530 1328 2462
523 3295 735
3680 1537 375
2357 3055 2376
150 492 184
1403 1147 14
2951 107 3794
2264 1398 3783
2553 2717 2291
2119 805 2123
1628 3090 1103
2922 2913 3450
2560 2481 1991
2984 1579 8
2209 3253 552
2289 2103 18
452 3969 1290
3493 2654 354
2109 2943 1684
2594 1532 308
3045 648 520
3459 1979 3630
1584 142 2943
995 1800 3873
522 3525 86
3904 390 2733
1044 288 1929
318 3645 1994
3727 2742 1949
1297 2624 1433
308 973 329
2936 1626 1129
1465 1169 188
1320 628 1617
1023 52 171
3481 3981 3117
3451 2757 1562
2614 243 620
942 1358 3356
2843 3321 2547
2330 3387 555
1464 2024 2492
624 2430 984
3721 1441 799
1112 3249 3540
348 3864 1438
935 640 2472
3750 3181 2956
61 1378 2010
3630 3057 3462
2005 2246 177
3702 935 3763
862 2777 941
3503 1194 60
1306 505 3842
813 671 1277
1710 1291 3825
3207 1827 2693
2044 2684 1482
3716 3771 3754
783 3064 1374
1188 3673 2992
3608 414 2286
2496 2810 3337
3696 1430 3424
162 2330 3278
1468 593 2338
3158 2387 2930
3099 3628 1907
3308 3881 1293
1667 3083 3833
2780 382 190
198 50 484
2044 2479 3342
3207 124 367
2082 1609 543
2398 789 1667
988 1457 2287
2094 36 3791
1934 616 225
1489 3704 1020
3418 981 3856
3137 1773 1444
2725 2970 1848
959 3818 27
2790 3794 2957
1033 1645 1086
3409 3316 2306
2798 2533 3339
3487 1694 3285
422 419 75
725 1122 2289
3273 923 741
3495 96 3023
2631 3066 3145
2235 2624 11
332 1523 1615
3856 3892 2228
2835 3300 1238
582 1160 3976
2811 39 147
898 3221 3289
1661 2650 1840
1471 3478 1395
1728 2749 3138
3592 3558 3706
1690 1825 238
2732 1327 348
1066 293 2773
2076 2126 3885
1383 646 106
2936 54 2878
1214 2864 3513
3822 276 3691
1187 3066 3125
3233 3144 1355
3421 2678 2767
586 1213 1290
458 1169 1152
3918 376 1642
3177 3784 3355
2942 1045 3543
2901 2273 3338
952 2050 635
651 739 7
2696 3558 1265
1466 2350 901
2257 3518 2910
3588 2536 240
3885 1130 509
849 842 2039
2769 2007 1832
986 1631 3779
2196 3487 2317
2200 1119 419
2496 139 777
2222 3387 2787
2886 2769 1309
1182 1831 3737
3180 3174 3872
940 2378 2709
461 2040 1839
2802 3230 3925
741 2266 1098
3360 2536 3014
1212 2345 3019
1326 3553 1293
2962 3157 3116
1722 624 1514
2046 2516 2588
353 2376 3328
1889 2783 2039
1524 3641 3713
2740 2546 3751
3901 741 1519
3436 2189 3809
1285 411 988
925 3970 3217
3204 816 348
3777 3865 911
3615 1910 1962
2113 305 776
2536 827 1113
2398 2632 1598
1253 184 2608
1910 31 3431
549 2398 1366
406 2478 2052
2228 215 1212
3389 2210 3508
2939 479 1855
1137 2836 1368
3642 1289 1671
3996 2528 545
418 1996 2744
1178 2903 1191
2746 2497 914
350 2679 3964
358 1646 1712
720 2577 2346
3304 298 3365
3392 1373 1796
802 1614 2124
2717 765 3088
724 2680 3108
1176 698 2765
1877 3377 392
3162 3122 3888
3320 3967 3038
1535 2673 2727
1830 1138 3487
2278 535 2587
459 679 2484
831 495 2054
2382 2357 1184
2680 2113 873
3409 2661 2186
1549 3160 1936
583 12 3476
1885 829 780
3886 487 786
2358 3929 2943
1830 2825 3599
2728 3923 2790
1997 430 1626
3392 1325 497
819 2487 725
2146 1027 3529
545 3688 851
3086 1125 742
2779 3277 2575
3514 2800 2288
2046 2705 568
1764 1813 739
1725 3332 1954
1386 414 1523
2729 3484 1150
3252 3421 3461
1041 2550 3990
2249 3771 788
595 617 552
3472 2956 3800
1168 3769 3168
2579 1306 190
2386 1407 3775
756 882 342
3175 3095 482
602 2179 3586
2009 3267 3787
718 1496 2199
88 3136 397
2969 1073 3408
122 3664 825
3091 113 106
1057 871 1422
3379 2197 3249
3406 1242 122
1471 3023 1782
1405 3323 2819
886 2577 566
3015 2897 2854
3266 431 2383
1546 1272 3434
791 698 3236
2492 561 2104
3351 1638 3639
1581 1672 1615
3165 2679 2885
402 3535 841
2981 3516 2399
2929 2807 1196
3528 487 3672
2849 509 3439
1701 3573 3072
3504 3560 3531
3832 3899 2640
1652 3637 2862
3886 201 1908
1163 68 3284
3425 3222 3705
3624 2822 1588
991 639 2957
291 2466 2518
1195 2280 1865
1279 2350 2217
3712 1614 3996
1420 1310 3316
3616 2296 540
1689 1321 3655
1722 3010 2625
2706 3645 1900
578 731 917
3608 737 795
2984 3040 1889
3271 444 2858
384 864 3438
2471 1380 1368
1648 1036 2255
1056 169 1275
244 2648 1658
1190 2617 3340
2563 3581 3540
270 2088 627
2989 2656 2927
2662 3407 3167
2497 2080 1478
1465 3973 3148
2107 3825 1247
1020 3686 2311
1775 1686 2242
527 3081 1768
1352 2292 159
3391 1132 3161
2193 589 3196
2142 3903 157
3397 3460 2598
316 1963 494
1434 1978 1971
1932 3325 2545
790 3685 2639
3246 1889 82
2759 1838 1232
472 3928 3010
1306 1649 3460
418 1720 2543
2773 1890 376
75 812 3357
1342 540 3400
448 3254 678
1410 2091 2188
2459 2375 2918
3215 1017 503
1014 2975 2608
690 145 3030
2275 431 213
2365 2066 33
3888 2393 1944
2853 2462 2982
3000 2836 937
1082 2667 3185
2258 3989 1079
1950 779 2767
375 428 987
3000 1628 31
2108 1476 2050
1698 2772 2248
127 3179 2052
1741 2695 3126
879 2960 3288
1965 831 3374
1715 2536 2747
3606 1866 342
2271 1915 590
1409 3298 2763
1497 1512 773
1822 3298 1404
2397 3014 1656
2519 3762 631
395 3786 1063
1376 526 3758
218 1675 2473
713 3464 2951
3336 2964 3754
1022 1273 1213
2980 82 2682
2237 707 1286
3312 2110 1276
933 3462 388
1333 309 846
248 191 781
28 3711 214
549 2690 1444
1135 427 247
2724 1345 3382
2382 42 2191
3612 3410 3719
3342 3584 58
1914 2151 2520
2789 1402 3294
133 2443 919
1427 2796 1356
3719 361 2181
2203 3459 1866
2155 3777 3459
3869 1317 388
1601 3222 915
2785 1942 1618
886 697 1516
1456 438 2561
2887 1851 442
1408 459 3673
2028 2908 2787
1701 3702 3979
1374 3398 844
715 3904 139
2984 239 3577
2883 1761 1565
3478 18 10
2724 637 2480
753 3260 1896
2883 3015 3230
3097 1214 2855
779 1707 2524
932 3984 2022
2310 2334 1238
2950 2531 3033
710 3702 2210
2271 3222 2790
1342 1740 245
1900 3319 531
1564 2122 1746
2081 981 3858
2051 3229 2175
3885 417 2607
3734 3609 3049
2483 1050 998
3128 508 1549
30 2673 1260
233 1316 959
2682 1825 2569
1278 34 1373
1733 3531 307
3113 2011 66
152 1884 3382
3780 885 3319
420 1058 2549
3405 1089 2054
1206 17 3947
3008 2492 888
698 3370 608
478 2422 1456
3707 818 647
2963 797 294
3965 551 2484
1515 1492 2506
693 403 1087
2352 1981 2918
2794 2352 2832
1002 2022 3091
2017 22 503
832 1095 69
3166 2553 3279
3489 3854 1051
79 1585 3566
1295 2172 75
3294 3907 3677
519 2346 1034
2849 920 1606
2926 979 2497
3297 2286 3995
3733 3274 884
360 706 3925
1332 3640 3086
3589 2291 2726
19 239 2989
3460 1973 2375
1334 2145 1147
3309 3683 3787
2891 1911 1632
1475 1531 281
2520 341 2237
3762 3623 2892
2345 677 2445
28 2795 3366
206 1429 3727
3189 2491 462
2700 3665 3092
2006 3694 1950
324 559 576
2155 841 1942
78 1491 268
2665 3807 3090
1245 3645 1369
1628 2050 254
2030 3619 3751
1696 1829 3073
3531 3828 3601
3087 1801 2220
2825 3331 3288
2298 1662 428
1845 197 1607
3344 1720 179
2089 3078 2793
941 132 2461
1541 1726 103
2441 1373 2033
3073 742 928
3706 3729 2983
1867 62 3869
2532 1713 1848
1432 2114 3695
2636 1174 723
947 2281 3188
360 2860 690
235 1723 1868
595 596 2922
1328 1431 3872
2999 2811 3935
1675 607 2885
1043 681 755
3241 2314 756
959 1251 286
501 1113 144
2930 2434 1610
3951 943 287
1281 1569 2327
1226 538 2336
120 844 1210
1613 1953 600
452 1234 863
3995 849 448
2266 2512 1176
3819 600 1294
3840 2968 2854
836 2660 2939
1652 3248 3274
1820 3454 218
3050 1748 3223
1732 1054 486
1306 590 3797
2525 1297 108
2329 2732 2806
300 380 1246
3908 2762 1667
2856 98 1395
202 2675 1708
3585 1933 1148
1099 3070 2079
132 575 2792
3736 3931 668
1040 380 1092
2446 684 918
2213 3690 3758
3090 2718 2979
63 99 195
1443 825 2203
3676 3091 3955
3057 2940 3567
1502 688 3199
1350 1405 2532
2453 736 1265
3590 1673 1535
1008 541 3887
1825 2717 1134
431 2601 3474
1581 3987 2086
285 290 2807
3808 1063 1185
1706 3041 3666
3673 1421 2920
413 904 3876
932 1177 2538
586 889 2808
2542 2927 3622
1832 2871 1386
652 3398 594
3922 3079 1935
1748 1662 2680
3812 3708 3433
3824 2224 2623
1987 485 291
783 2680 3342
3382 2091 1861
1683 1138 2210
1314 2372 2467
2218 384 2811
2623 206 198
205 1354 1560
2365 764 562
3321 1636 2443
743 3182 2041
1121 2531 979
962 2331 3115
2032 598 1529
3007 2017 2925
574 3172 954
1771 1888 3845
2964 2122 2392
758 292 3498
75 54 3655
1630 307 657
3654 3890 1343
331 2463 377
941 2191 383
1908 1391 1510
339 1346 532
2325 1118 3757
1778 3785 1488
3216 1673 2573
3843 3480 1781
2872 15 63
1181 1192 631
1095 409 2081
2290 2123 3513
3874 3178 2329
3892 313 443
498 3995 1580
746 26 1746
3146 3938 3972
3292 3769 2716
3565 3983 2216
1430 1638 1973
1685 1596 961
3578 2117 2144
151 1684 1815
3357 75 3687
3389 3433 3205
821 636 2262
231 717 1079
1508 72 3997
2557 2701 448
3527 1962 2633
1902 159 1918
2676 3087 2606
960 3791 3136
2005 1781 1692
3901 1742 756
3762 3499 3416
488 3082 3518
1868 3739 2114
3432 2839 3894
2745 1952 1654
3914 701 170
1713 468 1692
3742 3406 2175
1152 1081 2290
2692 2146 1025
1794 977 1085
2600 3098 1216
3589 3272 1568
2221 2433 683
921 2264 629
3134 2898 3448
3246 3755 537
3175 1613 1776
3061 675 3988
2380 68 2511
1611 2847 2873
2160 2781 3329
3782 2957 2156
2638 1471 3714
3346 3633 3913
3284 474 3477
3350 3441 1495
2041 877 1352
2052 1494 1855
2229 3744 2534
2434 3031 3423
1324 3434 1529
3708 3312 3691
3250 18 474
2559 358 3847
2445 423 1133
2687 3942 3454
2570 3013 2478
857 1611 943
3652 1487 1029
624 796 764
928 251 2618
3806 700 3
1141 3490 2407
1901 2956 1795
1690 1795 1838
3711 1633 2053
1599 1266 3936
1031 3682 14
1398 2302 344
1391 384 3141
2798 1538 3312
313 503 2486
3476 1246 1133
495 2582 2378
1871 329 3552
1426 517 3498
2183 887 1690
1210 3967 2608
3898 3897 2258
220 1813 2519
3998 3054 1059
3610 2151 2131
3517 219 2481
3299 2073 2206
787 2276 51
3385 3971 2854
2481 2213 3291
2068 425 2707
3495 887 252
317 1837 967
3456 3510 3951
2709 798 3020
2939 552 3149
1027 1275 3398
3287 3995 2339
3347 2591 749
3967 3268 1150
194 896 1630
2780 2818 138
2207 3427 848
3091 1381 2603
102 2281 845
2164 3636 26
3466 1006 2046
3814 2555 2976
3686 1858 3567
2791 1021 2062
796 1367 3458
2587 2187 3413
3177 90 2417
3754 2964 3248
3063 2592 3038
2771 3661 2480
2274 2175 3604
3512 1843 713
257 2961 3817
1483 81 19
557 2859 3657
236 1472 2368
3031 1671 1398
1550 2242 85
285 2978 2986
2913 3959 2910
1268 169 2186
1760 3797 3212
3782 1232 1870
3240 663 3914
1576 643 2418
982 1817 3
1785 1242 1950
1170 28 24
839 183 3371
614 1464 1549
3273 3902 1979
1038 3461 1063
2802 469 47
2933 3829 3155
129 2410 918
607 981 1146
1825 3322 3597
845 2644 2449
1129 1649 2192
3461 530 1231
3099 1740 52
1720 2313 831
1281 2727 2746
1765 1348 1988
3799 2430 1074
1993 2273 2655
952 3811 979
2981 2051 3691
2878 3074 1655
2087 56 797
156 125 623
2909 1048 1807
1287 1475 484
1527 2996 3017
938 1885 3921
643 2036 2600
864 2861 3699
3995 1070 3407
3556 1233 628
1575 1795 3832
3911 3370 2512
3384 2499 1491
3106 3809 2170
1859 572 1870
3098 1065 515
1309 292 504
2659 3870 2314
2975 3915 3090
3416 3852 2609
1385 2536 1243
736 309 3838
1976 1334 797
1780 1073 3376
3474 1785 321
1560 332 568
3258 2514 1144
2667 534 1773
1142 2013 1780
3328 2299 3277
3126 1827 2301
1001 3386 1409
2370 1195 2294
2761 3302 173
3842 3512 3284
3983 2768 2281
3184 3951 3784
2083 1852 507
3724 1866 3416
1116 1067 678
2823 2857 2735
3804 2199 2313
2594 973 2260
858 1758 3071
126 3417 3901
600 2051 1253
383 1316 189
3478 3204 1177
54 2912 522
2856 415 2731
3170 1547 564
2332 2452 3921
2331 2465 36
878 26 394
3739 3386 3888
3067 2609 1296
1417 2366 1023
2074 3212 1403
860 1391 2206
2768 3382 3350
54 1266 939
1918 1738 111
1449 2138 2050
3276 1372 3745
3324 3640 1059
1102 908 781
574 3972 3441
2229 3261 1990
1549 3448 949
2713 1297 950
165 1552 1611
2388 3159 3789
3355 3016 2983
3798 507 2821
161 2154 3178
113 761 3423
40 982 2251
2818 5 3815
2969 3606 2347
1938 3269 2222
2970 2370 2167
191 609 1150
713 1471 275
48 2621 1676
2291 389 856
2063 1260 1777
2514 3432 2518
388 2405 855
3315 315 1252
3991 2788 3930
1537 756 217
3906 3818 2810
3620 156 3510
3642 3884 218
678 1314 3983
346 2366 2331
3810 763 3478
2965 3799 1427
1099 1462 383
2127 2608 68
503 3723 2515
2037 389 2063
3406 1890 416
2994 2404 2748
1521 3949 420
2979 3368 2330
311 2624 961
938 2013 637
1323 1101 646
479 3461 1777
735 47 3446
1212 1627 3627
2132 1358 2948
1383 372 212
3473 260 2300
3528 3258 3468
1844 1043 1593
3998 65 1110
2614 408 1013
1061 2503 1241
3741 1409 1424
1929 2114 3201
429 2349 1687
3142 1708 1568
3230 331 1819
394 2913 3299
2834 1677 3796
3504 2860 929
3998 2506 1389
281 1014 3945
931 1092 334
2374 1334 1391
3460 1396 3520
3491 37 1734
1417 333 2722
3071 321 2091
261 2418 1995
782 1 209
620 1865 2439
3163 797 3393
3392 1988 942
1897 3344 3435
3055 3835 3258
1950 1940 2654
217 2147 156
1824 3032 2784
386 1040 1748
2492 3410 1446
2117 420 1376
3447 3265 3927
1081 550 2091
2778 3742 3886
3880 2569 2252
2407 3463 2838
1685 1517 269
3357 3806 2537
2756 2505 3697
2235 3706 2856
1860 221 99
3035 2962 3041
2738 1933 949
3947 3505 390
2622 2317 2694
2544 2364 1684
2632 2469 3620
474 3100 1091
728 1867 2063
464 162 233
1195 2354 793
3334 3277 3908
3598 1134 3141
2306 3919 2638
3889 1657 3033
2306 813 1826
2819 23 2756
652 2123 1426
3189 2613 2946
3894 374 1111
404 690 2971
2960 3056 2322
652 2493 869
1596 1840 1766
736 1562 1819
696 539 2168
911 2167 3327
1748 281 3676
816 151 329
414 308 897
159 1237 996
1047 681 3628
864 1701 1507
1402 412 242
392 3884 2113
3223 3029 2729
1326 2787 375
263 2217 1404
3336 2116 1679
2806 58 2893
3189 1966 3069
3237 3062 2610
2991 1605 1130
167 369 606
3473 3772 1804
220 3690 2653
401 1745 1555
14 1751 2056
1927 3160 3310
953 3978 3449
650 360 3119
1001 351 2587
3230 3015 1195
3617 2982 3427
2748 3493 2479
78 426 409
72 3901 149
2026 2864 1904
2270 740 171
1951 3314 1425
328 3730 2532
1744 1229 956
73 2723 3623
3762 2218 2708
2530 3340 3697
2050 1330 1354
3989 2764 3332
209 737 2969
2979 746 2322
3571 1104 2378
1460 792 2464
1515 2822 141
1748 3287 2710
2111 1182 485
3565 3985 1281
3964 3393 2557
2531 2178 348
2027 1639 2782
882 3626 3482
3095 1337 2450
1567 287 603
1255 65 1124
1518 1105 3712
1726 3840 773
1528 552 2669
1680 1509 1220
617 1383 904
520 194 2194
1947 3126 1058
2812 3331 3108
1184 2092 490
1083 1838 2602
2158 3472 3665
42 10 3707
3470 1385 3867
1075 2471 2174
2198 2833 343
791 1209 3107
3861 3337 2785
3459 950 2158
3637 3967 2691
263 2624 2444
3455 2395 1327
1945 3206 1919
2077 1830 2865
3381 2534 3938
518 2846 874
3064 2454 3870
1467 3170 3266
3338 1520 287
2498 795 774
2071 1221 188
1922 3906 3289
2444 2797 205
3269 3018 2854
1384 1657 2457
1278 3153 2935
431 766 3562
893 855 1882
3037 598 658
1947 831 154
3509 3263 1589
2358 3628 3465
1660 1671 294
1267 400 3488
1178 1255 1848
1467 476 288
1183 3818 73
1326 1131 2195
2534 2606 453
2817 1256 3633
3703 3007 3119
3314 1445 2595
770 2803 2333
2799 401 1023
3354 2929 1252
1513 537 1345
311 2410 2988
2554 3741 3329
1855 443 3948
3346 3736 2705
1629 1497 2386
1496 775 2801
1558 260 697
3777 176 3093
2033 1808 1506
2154 2494 3875
2910 1965 2778
1077 566 1436
3354 894 1575
3124 3778 95
623 2742 1140
1178 507 69
1998 2916 3571
1096 154 1797
911 1676 2893
3615 3541 846
2610 107 2051
3731 1726 3375
2662 3183 1490
846 2007 3868
700 2047 1198
2439 1605 3907
3747 3837 1876
3591 3040 1648
3560 3558 3720
3144 999 962
1864 1806 1787
3773 3790 3846
3614 2573 3412
1270 3653 2827
369 3167 61
2313 3335 662
5 3758 2846
1323 1273 3507
714 627 2260
1026 1040 568
661 1395 9
1313 1056 1363
1642 1032 1437
766 1707 1560
1720 892 422
2029 2374 3033
539 1827 3672
895 27 256
2990 576 2322
1845 3204 1568
3524 1485 3301
2165 3004 2200
2213 2814 775
2399 2449 3507
3486 2998 2123
2530 1235 3089
958 840 369
1956 1493 397
1844 1429 48
3142 565 3376
543 3156 691
728 2101 2249
531 325 124
3463 2642 2651
3995 3302 1725
3438 2898 356
1757 1661 823
2415 976 3846
2146 2022 3280
2614 819 2751
3521 3758 2496
435 2125 447
3862 3582 1976
732 2730 2530
3529 3102 1834
1294 3578 822
257 3522 355
3779 2008 2564
2805 1973 1907
3971 2787 3074
592 332 2821
1754 73 3902
2102 1790 2263
2109 536 1023
3788 1096 1242
3588 1702 2427
3777 312 2462
1047 3831 1925
1428 1777 183
1612 2916 3377
213 821 3641
1775 1263 2462
3085 2062 1600
3964 359 3028
1573 3063 2700
3785 3143 1217
15 377 1122
424 3066 2136
2642 3774 3296
3096 1782 3511
313 2069 2009
3456 3773 121
3544 1602 1783
267 359 178
1853 3330 100
667 920 1923
343 23 1672
1029 1627 139
1220 537 574
1759 986 2078
3714 549 321
3769 3623 362
3030 115 1901
1106 501 101
3167 42 1828
635 2957 538
1309 343 136
606 1570 2341
1137 1392 2957
1908 994 2583
1266 1375 225
520 1835 537
2512 2037 94
308 3744 136
3477 2414 3632
717 2916 3491
2275 2860 1380
1579 3435 3935
2175 1916 3915
3455 3623 2685
1533 141 3390
2601 2141 2776
3298 697 2666
813 2958 2885
3710 2631 1591
1744 3089 2830
3649 2005 1562
2221 1301 2107
1159 252 2259
1309 1246 2028
3637 430 3435
1624 1367 38
3288 3712 2421
143 3846 965
3821 1292 726
371 2070 1568
1262 2845 3393
1682 826 2586
3097 734 3203
3277 3084 3302
2181 1541 1796
2609 2004 1094
3306 3910 1028
3022 2530 1735
1189 2190 1464
3368 223 731
1359 3452 3723
2440 3305 2125
2901 2159 3368
3584 3519 1655
3969 3548 681
2607 3775 2594
1209 446 392
142 2802 789
3952 3664 2792
3744 3474 1103
572 1160 24
719 1854 45
1648 1509 3297
403 1387 2043
340 1485 1402
2277 547 1329
2459 443 3231
2349 1421 100
1910 3674 2421
2717 2899 2139
3788 1417 1396
3533 3305 3368
1996 274 3555
3934 3007 2649
295 2428 3356
3525 2380 1328
3923 1897 3108
3512 3819 2898
3265 3923 506
1019 3636 1395
536 2442 147
2896 1302 1930
1641 2363 2057
2218 3451 2978
1652 69 706
2105 3086 2375
2549 550 2270
3907 1973 2771
3093 475 471
3616 1650 324
549 1477 1338
980 1565 2281
3837 3292 2126
1365 1989 417
613 1079 394
390 3651 3573
257 2851 1246
2178 1013 2267
895 1812 581
2067 1716 51
3747 3265 3187
1566 2988 1416
96 565 1099
3178 1022 139
3811 3800 2112
2124 1294 3311
3954 533 1732
1420 3383 599
1071 1090 3427
3991 2370 1737
2885 1337 3062
3281 1451 1201
927 2973 3075
1260 919 381
3292 2372 3487
1701 3729 2196
1120 12 2174
13 615 133
3578 2990 838
3591 3960 3649
1386 3838 273
1241 1569 396
1062 181 1748
2418 3782 2964
3778 610 3383
1287 2313 41
3899 3488 681
281 527 3675
984 3009 307
942 1912 3074
94 1955 2452
206 3704 3655
2651 3287 2269
155 1534 1285
2827 3138 2102
1662 444 1964
47 178 1149
3346 3887 3835
804 2337 3241
301 3934 14
3380 3529 3520
2789 3607 3293
1431 698 920
2224 3822 3861
1831 3255 363
1641 203 263
2432 3880 2309
213 1749 1596
525 850 2318
1999 3780 1588
2542 2188 1200
1577 1956 433
146 2230 531
2252 1900 768
3591 2693 1916
3821 40 620
78 3147 3182
3419 2671 3576
1619 480 2797
3240 213 3746
3708 3696 377
496 3858 2785
1551 599 2397
175 2891 2159
1862 1007 705
1535 2706 3393
1188 1878 3484
1666 2415 2481
3376 2088 3867
1216 2494 3285
3995 1849 2364
3198 991 1814
1329 1222 2695
3865 3800 1625
2915 3490 3322
1781 1827 3813
2790 1493 281
3076 189 400
3023 1051 3808
1932 1222 1442
3264 1871 2178
2806 3064 2342
1187 951 479
2675 1231 3946
1967 3889 1383
1349 25 3730
3637 3181 3086
2238 919 3489
2691 135 13
874 1640 3742
2559 1833 3868
1089 3069 1613
3027 3528 2435
701 581 859
1826 2469 709
2658 3844 2350
3568 1950 996
2961 18 3671
3464 2451 209
835 3044 1046
3472 3446 3819
2742 49 193
1384 2111 54
3478 3333 1935
646 782 2867
286 3235 235
3371 653 498
3539 3697 1066
746 981 915
2588 2923 1865
2510 214 369
3207 2275 3500
440 936 423
1806 1809 710
579 1813 357
2223 1145 1305
3077 2644 3278
581 658 173
3660 2181 1660
3410 2025 1995
319 1245 1532
3184 3759 3551
979 1724 2149
1761 1902 2130
2174 3046 2350
501 1627 3768
2336 3866 2524
3457 3150 2941
1064 558 2045
792 3410 2921
2612 3585 2539
977 117 1600
546 3724 3628
3075 3955 1212
3180 2123 3167
3217 1684 182
3528 557 2793
1451 2264 179
62 1848 2542
3701 1475 1710
1501 315 285
3333 2226 2931
3375 1331 3567
116 435 3185
1222 1886 825
1690 2765 2873
3522 3523 2674
3342 550 2974
3303 1850 1132
3769 757 3279
1370 1991 295
2652 3706 3764
1489 2827 2341
483 1550 2156
997 2917 3115
690 1784 2489
145 770 1912
3448 1059 3798
260 3803 588
1075 1648 3757
1074 2400 2149
1476 2939 1236
3926 178 746
2431 2974 2747
2578 3786 592
956 1244 3929
558 3691 2470
2270 3411 879
661 149 1811
1978 1579 3596
907 1257 2102
466 1898 2945
1608 189 1500
1303 3649 2381
3251 3335 806
42 1662 2079
3970 1322 2385
85 1703 711
338 654 2894
1642 1804 2523
400 633 3651
593 592 1277
2168 3064 1490
1238 2520 2733
3940 714 1036
1280 3072 1313
651 686 662
3509 2315 1806
237 3486 3900
945 3579 1291
2638 1504 269
2296 3268 1117
3079 3269 3852
429 1101 317
3791 2960 2455
1880 3796 2990
3163 2582 2317
482 3584 2080
63 3801 3903
3620 2263 3613
2256 2685 3842
3614 664 1050
2356 3973 1275
614 3603 382
3584 3571 2476
1659 2198 2378
1886 2777 3486
2983 23 2260
2038 101 539
346 862 1359
3348 222 3959
345 130 2675
59 1492 356
1043 2764 303
2511 518 1139
3155 1726 3195
668 2937 1927
3256 2234 279
3499 1141 624
2951 2137 1440
2272 3433 616
586 3815 3360
1890 2930 1823
3795 2092 3191
753 464 2631
3871 2441 2652
637 2326 1911
645 1934 1471
3576 3788 2942
347 2126 2372
3798 430 3565
2685 3379 3050
3249 3269 3848
967 787 165
2307 3886 1279
2669 3857 3470
3701 80 311
38 1225 1231
158 668 1104
3739 3645 3146
2973 2188 2887
3894 319 49
237 3900 2057
1124 1495 231
3323 1341 3589
332 2918 322
3094 3376 1046
1844 96 2889
591 1394 1778
3995 1962 2487
1323 921 1868
1489 1379 1231
2681 555 1798
3140 474 1998
1823 3906 3250
413 8 375
2456 1257 3518
2633 2076 3148
3478 2541 1237
2850 3440 3308
3447 3475 3286
262 690 1397
2723 2669 908
3708 1601 2075
1100 2472 952
3239 1630 3592
472 1832 418
3330 2995 2311
2925 368 1173
2480 3781 1823
3847 3748 2862
1920 1507 308
2841 2768 3673
3533 3644 668
2687 3122 3289
2742 2874 3157
2730 129 2131
1297 1083 2461
3785 1879 715
2418 3495 2901
3668 1496 1365
2424 3860 1020
1849 1550 529
902 1675 1815
2188 168 535
927 1642 2792
3611 3007 2427
3806 2919 1600
1110 1899 1415
297 2291 3064
438 3569 695
3328 533 2282
2358 3442 3003
1827 1714 58
473 2485 42
134 2753 1852
3371 1703 3865
2514 2930 1192
2588 3807 2094
3753 2460 917
1389 2031 620
1555 3139 902
2329 106 3913
864 474 626
1544 444 555
2621 1169 3058
603 843 893
1164 2651 1959
2193 1759 3343
1275 2846 3516
3282 1500 2276
3140 1666 3420
2704 624 2193
3900 1683 3783
3924 2549 2719
3860 2239 3380
2081 3108 2761
3776 2288 1643
1182 103 962
3337 2760 2102
3346 3129 3930
1140 3202 3099
3333 3905 1362
121 590 1635
3408 79 3372
