58 164 206 428 856
207 28 281 516 1032
6 239 465 710 1420
149 305 257 711 1422
450 104 167 721 1442
340 255 208 803 1606
130 88 595 813 1626
61 212 578 851 1702
188 318 346 852 1704
16 164 695 875 1750
17 579 333 929 1858
426 241 300 967 1934
430 517 24 971 1942
259 172 548 979 1958
333 640 25 998 1996
57 720 251 1028 2056
416 240 378 1034 2068
156 521 367 1044 2088
509 144 396 1049 2098
9 276 768 1053 2106
55 593 412 1060 2120
78 596 387 1061 2122
140 363 591 1094 2188
28 458 610 1096 2192
412 155 533 1100 2200
493 190 430 1113 2226
372 715 43 1130 2260
624 319 221 1164 2328
95 358 715 1168 2336
103 387 680 1170 2340
411 757 28 1196 2392
1 836 369 1206 2412
624 217 421 1262 2524
235 447 584 1266 2532
332 633 308 1273 2546
68 216 990 1274 2548
61 852 366 1279 2558
143 611 566 1320 2640
815 349 159 1323 2646
343 211 771 1325 2650
625 65 649 1339 2678
671 504 188 1363 2726
543 561 260 1364 2728
24 895 457 1376 2752
948 65 367 1380 2760
477 363 548 1388 2776
522 288 582 1392 2784
988 381 45 1414 2828
447 231 744 1422 2844
220 613 598 1431 2862
270 806 357 1433 2866
359 473 623 1455 2910
541 614 318 1473 2946
715 313 446 1474 2948
398 967 111 1476 2952
290 961 229 1480 2960
536 39 912 1487 2974
910 465 114 1489 2978
754 355 383 1492 2984
175 543 785 1503 3006
860 434 234 1528 3056
85 680 797 1562 3124
659 701 220 1580 3160
886 173 528 1587 3174
693 871 56 1620 3240
481 602 542 1625 3250
668 421 538 1627 3254
613 475 541 1629 3258
522 127 999 1648 3296
553 546 567 1666 3332
320 392 965 1677 3354
589 502 591 1682 3364
467 545 682 1694 3388
981 18 727 1726 3452
609 516 622 1747 3494
187 897 668 1752 3504
935 606 216 1757 3514
686 223 873 1782 3564
552 634 659 1845 3690
882 332 640 1854 3708
810 591 458 1859 3718
649 698 541 1888 3776
691 282 964 1937 3874
857 577 508 1942 3884
982 729 247 1958 3916
285 752 971 2008 4016
800 513 700 2013 4026
902 486 636 2024 4048
491 907 691 2089 4178
873 292 930 2095 4190
555 598 949 2102 4204
650 865 644 2159 4318
580 996 587 2163 4326
454 875 860 2189 4378
691 683 831 2205 4410
696 882 701 2279 4558
552 900 880 2332 4664
907 864 692 2463 4926
933 818 863 2614 5228
773 953 899 2625 5250
0.0002498626708984375 seconds