100 54 0 154
43 37 137 217
58 5 167 230
73 48 114 235
51 156 53 260
25 224 23 272
0 56 230 286
4 260 44 308
187 122 9 318
50 215 57 322
270 37 42 349
37 154 163 354
25 334 11 370
243 53 76 372
230 83 61 374
36 236 133 405
254 26 128 408
88 278 49 415
109 4 323 436
36 247 154 437
23 162 255 440
147 85 209 441
80 160 206 446
230 42 178 450
247 72 135 454
341 67 48 456
12 187 259 458
298 170 7 475
221 192 64 477
158 311 40 509
117 187 224 528
184 107 241 532
126 85 322 533
389 100 66 555
236 206 116 558
258 56 250 564
42 363 161 566
525 17 28 570
264 33 274 571
62 248 264 574
348 1 230 579
124 83 374 581
472 110 3 585
124 232 241 597
127 442 34 603
71 289 247 607
62 235 312 609
65 57 490 612
64 472 86 622
264 159 200 623
152 462 12 626
166 405 58 629
114 41 479 634
114 227 301 642
303 109 232 644
95 250 300 645
356 263 31 650
381 186 86 653
154 477 26 657
108 382 168 658
69 17 573 659
460 175 25 660
306 227 147 680
24 311 346 681
301 379 2 682
44 162 480 686
100 525 62 687
135 488 68 691
139 354 201 694
24 304 374 702
41 412 250 703
86 594 26 706
181 162 364 707
69 248 393 710
264 111 336 711
99 593 20 712
314 160 240 714
423 34 261 718
3 387 330 720
402 284 35 721
14 154 558 726
467 10 250 727
24 68 637 729
115 553 65 733
84 399 258 741
315 51 376 742
414 84 246 744
276 365 104 745
267 259 222 748
156 417 185 758
57 5 702 764
135 417 213 765
606 151 9 766
317 303 154 774
4 490 283 777
137 96 552 785
99 140 550 789
347 113 331 791
482 280 31 793
179 599 17 795
113 162 523 798
214 74 513 801
358 399 47 804
74 610 121 805
503 257 47 807
331 0 480 811
178 232 402 812
56 578 187 821
127 504 192 823
143 66 615 824
621 84 120 825
248 532 46 826
566 14 249 829
346 8 476 830
240 138 453 831
632 30 170 832
128 379 334 841
563 162 117 842
279 262 302 843
211 573 63 847
625 123 106 854
191 479 188 858
46 468 346 860
94 611 157 862
150 561 152 863
577 170 119 866
254 52 562 868
542 48 281 871
7 597 269 873
40 223 615 878
614 232 33 879
409 335 137 881
275 133 475 883
138 546 200 884
404 346 137 887
130 509 249 888
639 163 92 894
416 364 115 895
569 204 125 898
110 246 543 899
258 617 25 900
95 465 343 903
110 763 33 906
467 64 379 910
96 141 674 911
298 583 32 913
9 175 734 918
92 395 432 919
72 272 580 924
56 53 816 925
54 24 848 926
515 37 376 928
91 133 705 929
209 421 300 930
204 490 241 935
263 364 310 937
78 672 188 938
124 84 731 939
124 303 513 940
518 350 76 944
416 240 292 948
152 737 61 950
402 519 31 952
739 146 70 955
134 170 652 956
356 315 286 957
147 62 752 961
397 360 205 962
21 479 466 966
495 175 298 968
605 341 24 970
708 81 184 973
301 290 385 976
755 145 77 977
469 238 271 978
576 301 103 980
542 186 253 981
414 334 234 982
539 57 389 985
519 271 197 987
365 184 439 988
161 124 704 989
42 771 177 990
83 568 341 992
496 458 39 993
48 451 495 994
533 170 294 997
376 346 278 1000
277 161 563 1001
41 410 552 1003
195 405 404 1004
235 361 409 1005
193 9 804 1006
248 159 600 1007
345 159 506 1010
698 113 203 1014
420 550 46 1016
369 621 29 1019
107 617 296 1020
17 941 63 1021
278 557 187 1022
525 178 320 1023
745 266 15 1026
184 202 642 1028
170 311 548 1029
418 379 233 1030
574 382 76 1032
697 253 83 1033
81 759 197 1037
481 522 36 1039
578 410 52 1040
380 649 12 1041
470 195 379 1044
71 854 120 1045
237 633 177 1047
507 182 362 1051
96 710 246 1052
523 342 188 1053
107 518 429 1054
133 376 547 1056
76 14 969 1059
451 193 420 1064
462 378 226 1066
680 316 72 1068
865 69 137 1071
131 397 545 1073
381 503 190 1074
509 299 267 1075
252 55 770 1077
616 166 296 1078
306 493 280 1079
645 279 156 1080
815 213 53 1081
263 521 298 1082
400 132 554 1086
133 19 936 1088
50 472 568 1090
400 67 624 1091
81 607 406 1094
484 413 198 1095
323 40 733 1096
419 631 47 1097
301 255 542 1098
385 536 178 1099
238 734 129 1101
437 483 183 1103
427 536 141 1104
52 285 768 1105
299 778 29 1106
86 166 856 1108
40 923 147 1110
667 307 137 1111
264 545 303 1112
256 742 116 1114
379 71 665 1115
426 656 34 1116
732 68 320 1120
89 187 845 1121
31 526 566 1123
776 321 29 1126
130 816 185 1131
259 848 26 1133
580 464 90 1134
579 122 434 1135
79 751 306 1136
219 147 771 1137
112 689 337 1138
385 186 570 1141
57 810 276 1143
529 614 2 1145
408 645 93 1146
21 957 169 1147
626 413 109 1148
172 8 969 1149
486 520 145 1151
432 29 691 1152
302 35 820 1157
129 90 942 1161
7 552 603 1162
202 169 793 1164
423 637 105 1165
281 266 619 1166
381 590 197 1168
184 27 959 1170
379 25 768 1172
275 244 654 1173
712 179 283 1174
26 521 628 1175
593 447 136 1176
768 307 102 1177
414 190 574 1178
270 655 254 1179
947 146 87 1180
41 335 807 1183
170 248 766 1184
7 558 620 1185
122 375 689 1186
375 567 246 1188
566 157 466 1189
698 155 337 1190
806 204 183 1193
371 33 790 1194
573 335 287 1195
339 809 49 1197
123 730 345 1198
538 248 415 1201
144 104 954 1202
359 580 264 1203
368 382 454 1204
83 796 330 1209
602 597 11 1210
966 47 198 1211
246 216 750 1212
851 360 2 1213
214 499 501 1214
493 522 202 1217
967 92 159 1218
211 708 300 1219
252 310 659 1221
271 22 930 1223
54 650 521 1225
102 668 460 1230
494 522 215 1231
134 852 246 1232
323 122 788 1233
839 383 12 1234
149 378 709 1236
232 885 120 1237
536 207 496 1239
169 478 593 1240
566 158 517 1241
445 342 458 1245
355 115 776 1246
278 516 453 1247
699 364 185 1248
837 89 323 1249
524 669 59 1252
282 642 329 1253
281 346 628 1255
979 92 186 1257
566 31 661 1258
186 870 203 1259
834 374 52 1260
529 34 698 1261
615 415 232 1262
281 256 727 1264
139 274 852 1265
223 542 501 1266
321 375 571 1267
265 316 687 1268
565 219 487 1271
780 181 311 1272
0 981 292 1273
985 272 19 1276
531 308 440 1279
215 237 829 1281
260 540 483 1283
108 647 532 1287
253 976 59 1288
91 345 853 1289
734 244 312 1290
477 746 69 1292
136 439 718 1293
235 773 286 1294
373 707 215 1295
410 383 503 1296
391 158 748 1297
229 730 339 1298
51 857 391 1299
725 332 243 1300
110 874 319 1303
319 134 851 1304
994 168 144 1306
243 909 155 1307
321 729 260 1310
335 426 550 1311
274 307 731 1312
269 843 201 1313
282 900 134 1316
27 350 942 1319
59 479 783 1321
597 405 321 1323
733 268 324 1325
241 135 950 1326
27 790 510 1327
137 385 807 1329
209 659 462 1330
563 662 107 1332
212 457 664 1333
191 310 833 1334
13 628 694 1335
494 283 560 1337
953 384 1 1338
694 389 257 1340
81 405 856 1342
14 655 674 1343
283 648 413 1344
174 873 298 1345
884 234 228 1346
735 581 31 1347
571 81 697 1349
620 268 464 1352
461 495 398 1354
640 264 451 1355
373 584 399 1356
226 905 228 1359
69 753 538 1360
795 482 84 1361
325 482 555 1362
228 358 778 1364
306 392 667 1365
622 44 701 1367
753 236 383 1372
872 23 478 1373
143 685 546 1374
381 385 609 1375
307 464 605 1376
607 314 456 1377
784 120 474 1378
991 212 178 1381
690 359 333 1382
452 182 751 1385
769 213 404 1386
655 656 76 1387
118 281 990 1389
139 777 474 1390
270 454 667 1391
315 265 812 1392
86 906 402 1394
508 239 649 1396
448 535 414 1397
272 381 745 1398
454 221 724 1399
225 258 920 1403
554 807 44 1405
240 446 720 1406
521 360 527 1408
814 417 179 1410
163 992 256 1411
355 683 375 1413
834 175 407 1416
303 384 732 1419
711 379 330 1420
504 799 118 1421
435 102 886 1423
529 544 352 1425
617 523 286 1426
969 83 375 1427
758 502 168 1428
665 727 39 1431
767 438 227 1432
260 780 393 1433
493 933 8 1434
375 880 181 1436
695 591 151 1437
955 42 441 1438
190 920 329 1439
285 242 914 1441
249 833 360 1442
94 529 820 1443
222 228 995 1445
735 150 562 1447
406 501 541 1448
667 339 443 1449
240 636 574 1450
643 133 678 1454
22 678 755 1455
494 860 102 1456
371 851 235 1457
355 863 241 1459
207 460 794 1461
709 210 544 1463
415 357 692 1464
706 185 574 1465
66 478 922 1466
749 422 296 1467
255 863 351 1469
693 216 562 1471
492 529 451 1472
198 983 295 1476
475 408 595 1478
414 349 716 1479
633 568 279 1480
513 125 843 1481
608 321 555 1484
648 290 549 1487
583 590 315 1488
308 411 770 1489
672 467 352 1491
735 430 329 1494
100 796 599 1495
523 430 543 1496
212 747 541 1500
392 231 878 1501
684 519 299 1502
737 274 494 1505
125 710 671 1506
162 387 958 1507
480 895 133 1508
621 799 90 1510
298 330 883 1511
506 873 133 1512
802 659 54 1515
801 456 259 1516
344 678 495 1517
506 538 474 1518
810 621 89 1520
654 603 265 1522
729 775 19 1523
890 339 295 1524
546 624 355 1525
970 308 249 1527
440 545 543 1528
180 776 573 1529
10 962 558 1530
486 520 525 1531
116 547 869 1532
66 496 972 1534
642 116 778 1536
595 245 697 1537
437 951 150 1538
707 539 295 1541
623 177 744 1544
171 777 597 1545
706 8 833 1547
142 728 679 1549
584 454 512 1550
474 415 662 1551
663 503 386 1552
88 861 604 1553
787 18 749 1554
392 489 674 1555
574 974 8 1556
138 713 706 1557
506 864 188 1558
301 783 475 1559
820 581 159 1560
701 343 518 1562
825 356 383 1564
614 486 465 1565
502 877 187 1566
438 855 275 1568
680 569 320 1569
2 657 911 1570
712 697 163 1572
238 547 790 1575
661 56 859 1576
763 147 667 1577
659 646 273 1578
657 614 308 1579
928 255 398 1581
134 876 573 1583
637 911 36 1584
589 838 159 1586
116 647 826 1589
321 863 407 1591
135 895 563 1593
406 557 631 1594
253 844 501 1598
870 498 231 1599
522 500 578 1600
9 933 659 1601
20 635 947 1602
711 665 231 1607
688 721 199 1608
334 963 312 1609
479 839 292 1610
428 578 607 1613
650 482 483 1615
617 245 755 1617
973 550 96 1619
407 504 709 1620
416 251 955 1622
54 841 728 1623
31 627 966 1624
841 557 227 1625
695 120 813 1628
565 269 795 1629
918 94 618 1630
36 745 850 1631
796 709 127 1632
396 865 373 1634
736 757 144 1637
701 473 464 1638
310 534 797 1641
712 507 424 1643
995 295 354 1644
428 873 344 1645
918 332 396 1646
229 754 665 1648
901 272 476 1649
123 895 632 1650
348 319 984 1651
551 654 449 1654
388 533 737 1658
661 713 286 1660
745 112 807 1664
14 721 930 1665
908 86 672 1666
440 468 759 1667
371 386 911 1668
760 251 658 1669
549 420 702 1671
42 749 883 1674
600 577 500 1677
10 881 787 1678
602 894 183 1679
508 430 742 1680
512 281 890 1683
117 769 798 1684
989 264 436 1689
632 232 827 1691
920 55 720 1695
394 411 891 1696
790 122 785 1697
975 206 518 1699
562 910 228 1700
918 193 590 1701
614 274 815 1703
717 509 478 1704
494 852 359 1705
957 185 566 1708
516 514 679 1709
914 171 625 1710
732 861 118 1711
671 245 798 1714
237 774 706 1717
561 557 600 1718
968 511 240 1719
800 580 340 1720
364 558 799 1721
862 575 286 1723
461 711 552 1724
889 770 67 1726
114 944 669 1727
54 827 847 1728
929 616 184 1729
659 903 171 1733
641 795 298 1734
934 428 375 1737
156 863 719 1738
572 636 531 1739
433 588 719 1740
543 280 918 1741
823 307 612 1742
599 740 404 1743
634 863 247 1744
72 696 978 1746
379 919 449 1747
395 629 724 1748
469 287 993 1749
869 274 608 1751
813 896 43 1752
973 681 99 1753
828 417 509 1754
283 608 865 1756
575 531 651 1757
257 563 939 1759
582 632 549 1763
309 884 571 1764
670 848 247 1765
744 803 219 1766
920 761 86 1767
41 839 888 1768
860 432 477 1769
904 218 648 1770
626 512 633 1771
675 422 677 1774
132 650 995 1777
227 947 605 1779
273 860 648 1781
40 776 970 1786
580 244 963 1787
682 257 850 1789
25 856 910 1791
755 119 919 1793
204 818 772 1794
719 269 807 1795
478 760 559 1797
609 839 353 1801
378 713 711 1802
970 352 481 1803
264 896 646 1806
749 937 122 1808
896 289 624 1809
418 968 425 1811
290 824 698 1812
495 442 876 1813
968 833 13 1814
944 434 438 1816
763 415 639 1817
179 742 897 1818
651 248 923 1822
732 124 967 1823
499 364 961 1824
592 578 656 1826
713 580 534 1827
673 953 203 1829
986 373 471 1830
601 901 330 1832
829 630 374 1833
125 935 774 1834
779 102 954 1835
835 634 369 1838
110 915 814 1839
371 966 504 1841
992 623 229 1844
565 536 744 1845
241 619 987 1847
990 49 814 1853
944 534 376 1854
724 436 697 1857
780 93 986 1859
743 207 910 1860
907 296 659 1862
622 314 927 1863
758 465 642 1865
569 370 927 1866
164 755 948 1867
746 149 973 1868
932 84 854 1870
679 696 497 1872
829 250 799 1878
865 720 294 1879
387 986 507 1880
178 906 797 1881
541 461 880 1882
844 429 610 1883
385 793 706 1884
963 727 195 1885
847 771 268 1886
588 646 653 1887
173 755 962 1890
470 984 437 1891
698 273 921 1892
198 745 950 1893
706 951 237 1894
931 299 665 1895
343 822 731 1896
859 221 819 1899
763 362 776 1901
997 801 104 1902
201 990 717 1908
968 259 682 1909
662 421 828 1911
419 822 671 1912
747 215 951 1913
456 860 598 1914
493 889 533 1915
223 728 968 1919
857 907 156 1920
544 692 686 1922
661 628 634 1923
939 818 167 1924
155 805 965 1925
194 874 860 1928
458 886 585 1929
661 378 895 1934
229 898 808 1935
942 502 492 1936
915 852 172 1939
975 540 427 1942
991 672 281 1944
856 478 611 1945
882 185 884 1951
732 447 773 1952
864 663 428 1955
928 145 884 1957
419 757 782 1958
711 759 491 1961
881 122 959 1962
908 782 273 1963
19 985 960 1964
830 910 225 1965
527 995 444 1966
729 430 809 1968
398 957 614 1969
711 385 877 1973
762 456 756 1974
417 609 952 1978
610 887 482 1979
984 864 135 1983
325 889 773 1987
633 947 409 1989
991 873 127 1991
439 569 984 1992
895 778 320 1993
915 231 848 1994
457 700 838 1995
392 948 656 1996
445 797 755 1997
433 863 702 1998
327 768 904 1999
563 681 756 2000
567 680 755 2002
677 550 777 2004
997 486 523 2006
774 348 886 2008
580 783 646 2009
711 806 493 2010
850 776 385 2011
979 831 204 2014
720 793 502 2015
921 589 506 2016
865 221 931 2017
456 816 748 2020
939 817 265 2021
797 742 483 2022
944 296 783 2023
697 806 521 2024
951 307 767 2025
907 897 222 2026
548 885 596 2029
597 595 839 2031
356 739 937 2032
674 714 645 2033
545 827 662 2034
734 988 314 2036
424 786 830 2040
343 806 892 2041
891 456 697 2044
844 642 559 2045
901 435 710 2046
967 456 624 2047
803 689 557 2049
304 754 992 2050
876 559 619 2054
416 846 793 2055
939 483 636 2058
453 836 771 2060
413 843 805 2061
574 524 964 2062
483 788 792 2063
915 164 985 2064
774 370 922 2066
548 853 668 2069
255 935 880 2070
252 974 848 2074
860 755 461 2076
866 776 436 2078
225 918 936 2079
877 694 509 2080
684 446 951 2081
833 642 611 2086
856 841 391 2088
775 411 903 2089
988 914 193 2095
530 985 581 2096
308 888 901 2097
214 988 896 2098
876 351 874 2101
719 573 810 2102
912 658 533 2103
751 480 874 2105
843 283 982 2108
915 217 977 2109
757 711 643 2111
329 853 930 2112
660 640 814 2114
897 311 908 2116
818 785 514 2117
915 440 766 2121
883 965 275 2123
662 515 950 2127
796 860 475 2131
697 713 726 2136
609 803 726 2138
689 693 759 2141
938 416 790 2144
956 387 807 2150
767 436 948 2151
528 961 663 2152
343 816 995 2154
909 638 608 2155
434 802 921 2157
797 823 538 2158
665 496 998 2159
561 913 687 2161
963 234 966 2163
738 996 430 2164
678 827 660 2165
668 559 941 2168
592 646 931 2169
681 686 804 2171
998 995 179 2172
561 656 959 2176
970 377 830 2177
438 888 853 2179
625 681 875 2181
958 969 258 2185
726 696 764 2186
651 602 934 2187
841 467 880 2188
785 572 833 2190
773 566 855 2194
965 276 966 2207
735 945 530 2210
829 478 904 2211
934 756 522 2212
529 942 742 2213
859 788 568 2215
987 262 968 2217
596 739 883 2218
562 973 687 2222
390 972 864 2226
936 775 518 2229
853 509 868 2230
888 475 869 2232
406 839 989 2234
873 882 480 2235
586 973 683 2242
870 442 933 2245
785 610 852 2247
469 885 895 2249
957 944 351 2252
710 908 635 2253
343 928 986 2257
522 811 929 2262
495 995 774 2264
604 981 681 2266
998 621 648 2267
663 687 919 2269
957 579 734 2270
688 728 855 2271
674 863 742 2279
570 960 750 2280
865 851 573 2289
660 925 708 2293
700 733 861 2294
895 969 434 2298
737 810 753 2300
887 677 739 2303
910 616 778 2304
858 756 691 2305
713 829 765 2307
458 980 873 2311
751 626 941 2318
412 993 920 2325
896 880 558 2334
874 885 577 2336
936 914 498 2348
798 879 674 2351
498 890 965 2353
778 658 918 2354
754 977 625 2356
870 624 873 2367
970 935 467 2372
957 927 492 2376
973 915 490 2378
989 562 832 2383
933 922 530 2385
948 975 464 2387
991 955 444 2390
857 555 982 2394
957 886 554 2397
539 878 983 2400
821 992 599 2412
765 969 694 2428
882 745 804 2431
771 790 872 2433
890 948 603 2441
773 724 950 2447
836 624 989 2449
696 935 821 2452
995 520 942 2457
836 879 743 2458
636 863 962 2461
970 572 921 2463
650 898 916 2464
807 735 926 2468
848 880 771 2499
635 952 922 2509
854 904 753 2511
902 975 638 2515
704 851 965 2520
856 997 670 2523
705 921 920 2546
956 638 954 2548
593 991 970 2554
912 774 889 2575
854 734 990 2578
896 771 933 2600
720 964 919 2603
998 711 898 2607
945 963 710 2618
916 775 932 2623
797 980 850 2627
908 726 998 2632
930 892 818 2640
902 784 968 2654
975 940 740 2655
752 989 937 2678
998 865 817 2680
912 854 927 2693
739 991 981 2711
852 897 964 2713
860 907 950 2717
916 856 967 2739
884 926 990 2800
935 972 950 2857
0.02527618408203125 seconds