54 238 21 313
164 25 145 334
63 99 195 357
286 226 44 556
198 50 484 732
300 192 242 734
13 615 133 761
413 8 375 796
267 359 178 804
150 492 184 826
464 162 233 859
156 125 623 904
78 426 409 913
422 419 75 916
531 325 124 980
782 1 209 992
346 393 267 1006
481 257 319 1057
397 69 598 1064
339 343 388 1070
277 774 53 1104
516 105 490 1111
109 143 869 1121
167 369 606 1142
895 27 256 1178
226 585 370 1181
456 521 210 1187
132 410 658 1200
549 518 144 1211
455 291 467 1213
248 191 781 1220
1170 28 24 1222
1023 52 171 1246
32 138 1085 1255
698 536 36 1270
979 294 4 1277
103 911 275 1289
816 151 329 1296
878 26 394 1298
94 593 615 1302
38 978 313 1329
288 252 812 1352
47 178 1149 1374
243 837 306 1386
651 739 7 1397
581 658 173 1412
718 366 349 1433
90 1136 231 1457
324 559 576 1459
1158 66 287 1511
15 377 1122 1514
1263 149 118 1530
224 76 1233 1533
937 265 336 1538
268 176 1095 1539
108 421 1031 1560
1483 81 19 1583
396 629 572 1597
303 538 758 1599
148 96 1360 1604
308 973 329 1610
414 308 897 1619
231 681 709 1621
792 548 282 1622
384 897 375 1656
727 902 29 1658
395 1125 143 1663
590 292 784 1666
258 102 1325 1685
544 174 976 1694
1106 501 101 1708
1229 193 299 1721
1178 507 69 1754
572 1160 24 1756
501 1113 144 1758
96 565 1099 1760
595 617 552 1764
734 3 1037 1774
1309 343 136 1788
375 428 987 1790
440 936 423 1799
150 1634 19 1803
1135 427 247 1809
253 586 985 1824
189 609 1028 1826
78 1491 268 1837
754 573 517 1844
429 1101 317 1847
93 754 1004 1851
383 1316 189 1888
507 239 1145 1891
153 1372 370 1895
680 55 1169 1904
637 443 826 1906
59 1492 356 1907
583 241 1084 1908
967 787 165 1919
757 472 696 1925
300 380 1246 1926
158 668 1104 1930
323 514 1103 1940
191 609 1150 1950
205 505 1241 1951
864 474 626 1964
1383 372 212 1967
756 882 342 1980
186 1714 86 1986
480 232 1280 1992
832 1095 69 1996
651 686 662 1999
26 1162 831 2019
231 717 1079 2027
888 273 872 2033
343 23 1672 2038
1209 446 392 2047
1402 412 242 2056
661 1395 9 2065
691 724 655 2070
132 29 1917 2078
1604 205 272 2081
613 1079 394 2086
221 1195 681 2097
1501 315 285 2101
1309 292 504 2105
1641 203 263 2107
543 1241 324 2108
231 111 1774 2116
245 764 1116 2125
426 356 1345 2127
616 268 1244 2128
1383 646 106 2135
701 581 859 2141
1333 743 71 2147
379 461 1308 2148
78 1011 1071 2160
1385 643 135 2163
958 840 369 2167
697 1127 344 2168
120 844 1210 2174
345 146 1688 2179
1860 221 99 2180
1127 363 691 2181
693 403 1087 2183
624 796 764 2184
1260 178 759 2197
596 632 971 2199
633 1561 7 2201
828 106 1269 2203
1922 62 221 2205
1298 668 240 2206
140 725 1342 2207
656 730 822 2208
892 1195 123 2210
256 1670 285 2211
122 1724 366 2212
339 1346 532 2217
578 731 917 2226
1467 476 288 2231
1182 103 962 2247
1849 179 226 2254
54 1266 939 2259
187 1204 871 2262
284 1841 164 2289
609 1478 207 2294
264 580 1463 2307
1307 13 990 2310
777 110 1432 2319
1220 537 574 2331
603 843 893 2339
121 590 1635 2346
262 690 1397 2349
1901 68 381 2350
1441 496 418 2355
931 1092 334 2357
1437 342 586 2365
938 1006 422 2366
38 1071 1266 2375
1505 74 803 2382
653 384 1346 2383
159 1237 996 2392
748 934 711 2393
1706 475 221 2402
1924 442 37 2403
60 787 1564 2411
1703 216 500 2419
339 729 1353 2421
40 1455 927 2422
1652 69 706 2427
536 1243 651 2430
1253 595 589 2437
1255 65 1124 2444
186 164 2095 2445
1892 397 161 2450
613 1340 499 2452
1262 479 712 2453
1567 287 603 2457
713 1471 275 2459
1560 332 568 2460
593 592 1277 2462
1767 180 516 2463
811 1255 406 2472
1043 681 755 2479
1008 1106 369 2483
1333 309 846 2488
540 1224 725 2489
696 718 1077 2491
38 1225 1231 2494
959 1251 286 2496
177 1927 394 2498
85 1703 711 2499
1056 169 1275 2500
1101 1315 88 2504
233 1316 959 2508
1537 756 217 2510
1040 380 1092 2512
1558 260 697 2515
746 26 1746 2518
217 2147 156 2520
2017 22 503 2542
1544 444 555 2543
60 150 2334 2544
452 1234 863 2549
1371 930 251 2552
1260 919 381 2560
1403 1147 14 2564
712 297 1557 2566
346 862 1359 2567
556 175 1843 2574
983 1235 357 2575
1113 686 783 2582
190 1492 904 2586
1013 378 1200 2591
1630 307 657 2594
200 1863 532 2595
954 1446 197 2597
1187 951 479 2617
719 1854 45 2618
661 149 1811 2621
235 1591 803 2629
1026 1040 568 2634
698 856 1082 2636
655 924 1059 2638
670 1477 492 2639
746 981 915 2642
1433 809 416 2658
242 2138 280 2660
180 852 1633 2665
1379 876 413 2668
2038 101 539 2678
272 539 1871 2682
1285 411 988 2684
1278 34 1373 2685
2041 160 489 2690
977 117 1600 2694
79 2449 175 2703
1432 817 455 2704
1645 820 240 2705
1052 572 1084 2708
2122 461 127 2710
575 142 1995 2712
570 256 1891 2717
194 896 1630 2720
472 1832 418 2722
432 1313 982 2727
694 1701 334 2729
607 981 1146 2734
859 1268 611 2738
635 174 1932 2741
579 1813 357 2749
1566 1123 64 2753
813 671 1277 2761
1987 485 291 2763
666 1259 841 2766
316 1963 494 2773
1934 616 225 2775
458 1169 1152 2779
2454 288 38 2780
987 1564 231 2782
965 889 932 2786
263 1415 1112 2790
1102 908 781 2791
1029 1627 139 2795
1590 396 810 2796
174 1746 879 2799
407 1401 992 2800
982 1817 3 2802
1465 1169 188 2822
89 1602 1133 2824
145 770 1912 2827
178 2504 147 2829
542 860 1428 2830
455 1501 875 2831
1191 49 1594 2834
2691 135 13 2839
662 2026 152 2840
567 1300 975 2842
1124 1495 231 2850
1116 1067 678 2861
800 275 1787 2862
391 388 2084 2863
1266 1375 225 2866
1560 723 585 2868
2101 262 506 2869
903 1014 953 2870
1359 344 1170 2873
1018 1541 317 2876
2075 349 454 2878
1134 1662 87 2883
1397 718 773 2888
590 162 2137 2889
2188 168 535 2891
520 1835 537 2892
506 960 1429 2895
1792 504 605 2901
941 741 1220 2902
1742 17 1144 2903
617 1383 904 2904
146 2230 531 2907
520 194 2194 2908
1711 1168 35 2914
2275 431 213 2919
361 223 2339 2923
461 1690 780 2931
1947 831 154 2932
717 2143 73 2933
1146 319 1471 2936
882 742 1314 2938
2087 56 797 2940
1099 1462 383 2944
1835 404 709 2948
2872 15 63 2950
1584 979 388 2951
148 283 2528 2959
529 2327 113 2969
230 2579 162 2971
155 1534 1285 2974
618 211 2146 2975
638 1382 958 2978
928 1159 894 2981
2742 49 193 2984
270 2088 627 2985
1062 181 1748 2991
193 1769 1030 2992
2811 39 147 2997
263 1278 1458 2999
473 2485 42 3000
1278 309 1415 3002
1181 1192 631 3004
435 2125 447 3007
686 2255 70 3011
1661 1014 337 3012
1051 1303 659 3013
937 1076 1003 3016
1527 1152 339 3018
1629 713 681 3023
751 7 2266 3024
2623 206 198 3027
1624 1367 38 3029
594 978 1458 3030
1720 892 422 3034
1865 991 180 3036
1259 627 1151 3037
607 2029 404 3040
735 1420 887 3042
1750 12 1281 3043
1096 154 1797 3047
2406 619 23 3048
1431 698 920 3049
1774 545 743 3062
392 1082 1589 3063
1323 1101 646 3070
1427 521 1125 3073
1477 1345 254 3076
2102 124 852 3078
1077 566 1436 3079
679 622 1783 3084
586 1213 1290 3089
2510 214 369 3093
319 1245 1532 3096
801 1945 351 3097
886 697 1516 3099
1733 1292 75 3100
1542 1105 455 3102
1301 850 952 3103
787 2276 51 3114
993 490 1635 3118
205 1354 1560 3119
1543 19 1558 3120
317 1837 967 3121
126 938 2058 3122
536 2442 147 3125
159 2476 491 3126
373 1041 1717 3131
639 213 2280 3132
1756 390 987 3133
703 683 1749 3135
1093 337 1708 3138
1363 1770 11 3144
2156 454 538 3148
345 130 2675 3150
994 664 1496 3154
571 81 2504 3156
1953 792 421 3166
331 2463 377 3171
386 1040 1748 3174
512 4 2659 3175
1482 24 1674 3180
2270 740 171 3181
1074 2033 75 3182
2828 114 243 3185
203 57 2927 3187
828 2137 223 3188
515 1230 1444 3189
248 1916 1026 3190
2128 181 882 3191
443 2426 323 3192
2113 305 776 3194
24 1786 1390 3200
2207 993 2 3202
1048 684 1473 3205
1241 1569 396 3206
40 955 2213 3208
1648 1081 490 3219
347 177 2699 3223
2164 915 147 3226
340 1485 1402 3227
102 2281 845 3228
1465 1334 430 3229
193 940 2097 3230
2524 617 93 3234
1029 1346 860 3235
2057 335 845 3237
1287 1475 484 3246
19 239 2989 3247
973 1569 708 3250
1044 288 1929 3261
1908 1147 207 3262
342 504 2418 3264
1732 1054 486 3272
40 982 2251 3273
650 2404 222 3276
171 1158 1956 3285
1475 1531 281 3287
895 1812 581 3288
1608 189 1500 3297
1405 138 1756 3299
313 503 2486 3302
1120 12 2174 3306
3091 113 106 3310
1313 1774 226 3313
593 2605 118 3316
2802 469 47 3318
1844 1429 48 3321
1386 414 1523 3323
1342 1740 245 3327
165 1552 1611 3328
761 611 1963 3335
308 541 2488 3337
1293 244 1801 3338
512 1921 911 3344
1449 1569 328 3346
301 2764 283 3348
1057 871 1422 3350
2780 382 190 3352
1600 259 1496 3355
514 865 1978 3357
549 1477 1338 3364
140 1873 1352 3365
1566 1758 42 3366
380 2832 155 3367
1909 1110 350 3369
1541 1726 103 3370
581 324 2469 3374
2744 27 605 3376
1815 1193 369 3377
831 495 2054 3380
285 290 2807 3382
2110 319 955 3384
1428 1777 183 3388
1513 537 1345 3395
1415 871 1110 3396
490 45 2864 3399
696 539 2168 3403
1295 732 1381 3408
450 1223 1736 3409
493 1262 1655 3410
857 1611 943 3411
2496 139 777 3412
1448 924 1042 3414
2034 835 546 3415
74 454 2890 3418
471 299 2649 3419
2757 213 453 3423
305 1804 1318 3427
785 1962 682 3429
2180 768 482 3430
392 1411 1629 3432
729 2382 330 3441
1242 983 1219 3444
568 983 1895 3446
465 1591 1391 3447
61 1378 2010 3449
1540 1737 173 3450
129 2410 918 3457
251 1482 1725 3458
2141 248 1077 3466
644 897 1928 3469
332 1523 1615 3470
1685 1517 269 3471
659 280 2533 3472
2650 484 339 3473
393 1949 1134 3476
2614 243 620 3477
2071 1221 188 3480
3228 163 93 3484
1891 755 841 3487
54 2912 522 3488
1468 1872 149 3489
1885 829 780 3494
133 2443 919 3495
358 3072 66 3496
3335 49 113 3497
132 575 2792 3499
643 696 2163 3502
696 1819 988 3503
3478 18 10 3506
1022 1273 1213 3508
1714 149 1646 3509
667 920 1923 3510
907 253 2353 3513
941 2191 383 3515
919 1679 920 3518
1089 1981 450 3520
1780 461 1280 3521
93 824 2608 3525
263 2451 815 3529
674 959 1899 3532
2987 90 456 3533
941 132 2461 3534
2291 389 856 3536
1295 2172 75 3542
104 1126 2313 3543
2296 700 548 3544
1384 2111 54 3549
826 1562 1166 3554
1183 1755 618 3556
213 1749 1596 3558
373 829 2362 3564
1320 628 1617 3565
243 2917 411 3571
332 2918 322 3572
1862 1007 705 3574
2612 39 928 3579
1312 61 2208 3581
1067 1004 1512 3583
226 1460 1898 3584
1095 409 2081 3585
1307 1257 1022 3586
938 2013 637 3588
420 1997 1177 3594
369 3167 61 3597
1827 1714 58 3599
714 627 2260 3601
2194 894 514 3602
362 3194 50 3606
1115 687 1806 3608
1914 1666 29 3609
418 2511 681 3610
3270 261 80 3611
1235 2061 318 3614
1442 2037 139 3618
122 861 2636 3619
88 3136 397 3621
459 679 2484 3622
1268 169 2186 3623
68 3391 165 3624
1660 1671 294 3625
614 1464 1549 3627
2049 701 879 3629
893 855 1882 3630
939 2471 224 3634
399 1342 1895 3636
952 2050 635 3637
202 1265 2171 3638
1525 1454 661 3640
1287 2313 41 3641
2089 1440 117 3646
1455 2004 188 3647
388 2405 855 3648
1845 197 1607 3649
151 1684 1815 3650
383 156 3112 3651
2228 215 1212 3655
1370 1991 295 3656
1722 525 1412 3659
1097 744 1819 3660
1960 1691 11 3662
3076 189 400 3665
1135 2122 409 3666
1064 558 2045 3667
2109 536 1023 3668
81 3461 127 3669
1159 252 2259 3670
1684 1022 967 3673
87 147 3443 3677
890 1555 1238 3683
2039 674 976 3689
2365 764 562 3691
765 394 2533 3692
525 850 2318 3693
2106 724 867 3697
3207 124 367 3698
2589 836 274 3699
898 2460 342 3700
401 1745 1555 3701
684 2082 942 3708
1106 2218 385 3709
528 2808 375 3711
284 1810 1618 3712
1742 96 1875 3713
374 1506 1834 3714
1193 254 2268 3715
358 1646 1712 3716
2198 1403 116 3717
821 636 2262 3719
1081 550 2091 3722
1411 555 1759 3725
849 842 2039 3730
1313 1056 1363 3732
142 2802 789 3733
1920 1507 308 3735
116 435 3185 3736
2200 1119 419 3738
3250 18 474 3742
232 2511 1000 3743
592 332 2821 3745
1331 1593 823 3747
1283 2261 205 3749
1512 17 2222 3751
1690 1825 238 3753
1227 304 2224 3755
286 3235 235 3756
42 10 3707 3759
1207 800 1754 3761
745 1679 1338 3762
591 1394 1778 3763
1033 1645 1086 3764
265 2888 612 3765
1184 2092 490 3766
1918 1738 111 3767
1365 1989 417 3771
1506 1351 916 3773
1951 55 1768 3774
534 2698 544 3776
2111 1182 485 3778
37 3389 353 3779
1497 1512 773 3782
42 1662 2079 3783
75 54 3655 3784
2119 1205 461 3785
3011 92 683 3786
409 892 2486 3787
917 302 2569 3788
153 1701 1936 3790
697 2061 1036 3794
813 952 2030 3795
928 251 2618 3797
2209 720 870 3799
1585 605 1611 3801
1352 2292 159 3803
1342 1365 1100 3807
446 3060 307 3813
921 2264 629 3814
323 3418 75 3816
14 1751 2056 3821
2255 480 1090 3825
235 1723 1868 3826
749 79 2999 3827
231 2099 1498 3828
403 1387 2043 3833
2067 1716 51 3834
2516 580 742 3838
27 2949 863 3839
515 3056 270 3841
1956 1493 397 3846
753 464 2631 3848
877 113 2859 3849
1794 977 1085 3856
350 642 2865 3857
1722 624 1514 3860
1111 1608 1142 3861
1844 803 1215 3862
671 1965 1227 3863
690 145 3030 3865
1436 945 1485 3866
2349 1421 100 3870
742 2002 1128 3872
1713 468 1692 3873
1550 2242 85 3877
2895 15 970 3880
1672 1015 1194 3881
2327 88 1467 3882
263 2217 1404 3884
338 654 2894 3886
155 920 2812 3887
2796 580 516 3892
1451 2264 179 3894
311 2624 961 3896
375 3051 471 3897
519 2346 1034 3899
1360 667 1874 3901
532 1669 1701 3902
125 3661 117 3903
600 2051 1253 3904
3159 74 672 3905
3379 94 434 3907
360 2860 690 3910
2117 420 1376 3913
2096 1433 385 3914
209 737 2969 3915
1317 417 2183 3917
651 761 2506 3918
1035 1376 1510 3921
754 1836 1333 3923
628 1517 1782 3927
1849 1550 529 3928
1744 1229 956 3929
2525 1297 108 3930
1605 1372 954 3931
1628 2050 254 3932
1222 1886 825 3933
1163 2233 538 3934
19 344 3574 3937
1001 351 2587 3939
3215 207 521 3943
700 2047 1198 3945
2924 854 168 3946
139 1099 2709 3947
1021 2125 803 3949
536 881 2533 3950
28 3711 214 3953
1495 1617 842 3954
2094 1528 333 3955
284 532 3141 3957
529 20 3410 3959
30 2673 1260 3963
1577 1956 433 3966
484 3136 347 3967
603 793 2572 3968
293 2956 720 3969
3654 224 95 3973
430 439 3106 3975
422 889 2666 3977
1902 159 1918 3979
282 308 3390 3980
611 2215 1157 3983
1938 1840 206 3984
1110 1836 1042 3988
1480 1452 1057 3989
723 1330 1937 3990
1054 354 2583 3991
2202 1177 613 3992
2799 325 869 3993
1307 2197 492 3996
2445 423 1133 4001
310 374 3318 4002
458 3001 548 4007
262 2093 1653 4008
371 2070 1568 4009
939 1417 1656 4012
652 2493 869 4014
1774 1994 247 4015
1129 201 2690 4020
2785 25 1212 4022
420 1058 2549 4027
886 2577 566 4029
819 2487 725 4031
766 1707 1560 4033
1030 2173 831 4034
2614 408 1013 4035
2969 466 602 4037
624 2430 984 4038
3093 475 471 4039
1389 2031 620 4040
694 1706 1641 4041
250 677 3115 4042
1807 1271 965 4043
1398 2302 344 4044
1253 184 2608 4045
935 640 2472 4047
2446 684 918 4048
645 1934 1471 4050
1997 430 1626 4053
2963 797 294 4054
616 2988 455 4059
1145 429 2488 4062
543 1597 1923 4063
404 690 2971 4065
2498 795 774 4067
1662 444 1964 4070
583 12 3476 4071
864 1701 1507 4072
2097 288 1688 4073
2579 1306 190 4075
236 1472 2368 4076
485 3327 266 4078
1973 358 1748 4079
1921 593 1566 4080
206 1998 1878 4082
1235 411 2437 4083
582 2001 1501 4084
2319 750 1016 4085
963 2338 785 4086
600 2229 1258 4087
291 3305 494 4090
3701 80 311 4092
2831 671 592 4094
149 2186 1760 4095
1426 184 2486 4096
1489 1379 1231 4099
1226 538 2336 4100
1906 1683 512 4101
741 2266 1098 4105
2635 44 1427 4106
1976 1334 797 4107
799 1172 2138 4109
1043 2764 303 4110
1642 1032 1437 4111
1323 921 1868 4112
595 596 2922 4113
3150 757 207 4114
2609 564 942 4115
736 1562 1819 4117
94 3414 610 4118
72 3901 149 4122
2904 1096 127 4127
41 2443 1644 4128
650 360 3119 4129
635 2957 538 4130
1066 293 2773 4132
522 3525 86 4133
257 3522 355 4134
2698 962 475 4135
725 1122 2289 4136
97 3369 672 4138
1847 1509 785 4141
1107 1534 1508 4149
2362 563 1226 4151
2277 547 1329 4153
2116 512 1526 4154
1234 1832 1090 4156
2032 598 1529 4159
410 1505 2246 4161
2759 759 644 4162
2916 255 992 4163
1613 1953 600 4166
2511 518 1139 4168
829 1760 1581 4170
789 303 3079 4171
2256 1800 116 4172
801 531 2841 4173
1633 2539 2 4174
1551 1049 1579 4179
662 321 3197 4180
1142 1543 1496 4181
1079 1974 1132 4185
223 30 3934 4187
308 3744 136 4188
483 1550 2156 4189
1753 954 1484 4191
1522 1516 1156 4194
652 2123 1426 4201
3658 343 201 4202
1117 2424 662 4203
3088 809 308 4205
624 2051 1531 4206
1991 703 1513 4207
343 1736 2129 4208
631 756 2822 4209
3588 232 391 4211
355 1390 2467 4212
3045 648 520 4213
375 649 3190 4214
918 459 2839 4216
1381 766 2071 4218
3333 456 433 4222
2799 401 1023 4223
2863 1120 241 4224
373 2894 958 4225
2338 1792 97 4227
735 47 3446 4228
1289 31 2909 4229
2237 707 1286 4230
113 3640 479 4232
3443 773 17 4233
2082 1609 543 4234
2944 1030 262 4236
518 2846 874 4238
2091 2015 134 4240
1757 1661 823 4241
1685 1596 961 4242
75 812 3357 4244
2273 793 1182 4248
301 3934 14 4249
1762 2075 416 4253
250 2847 1160 4257
428 2320 1511 4259
3435 138 688 4261
3894 319 49 4262
2153 1841 271 4265
907 1257 2102 4266
1493 1200 1576 4269
2041 877 1352 4270
886 714 2671 4271
1191 2966 116 4273
1103 2235 937 4275
1178 1255 1848 4281
586 889 2808 4283
1159 2331 794 4284
2869 242 1175 4286
2907 941 439 4287
1713 1030 1545 4288
2218 1165 906 4289
1742 191 2358 4291
2301 664 1327 4292
3037 598 658 4293
2696 1064 534 4294
646 782 2867 4295
557 3173 566 4296
113 761 3423 4297
984 3009 307 4300
1859 572 1870 4301
2040 29 2236 4305
1507 2541 260 4308
3000 20 1291 4311
904 1713 1695 4312
549 2398 1366 4313
2935 746 633 4314
1764 1813 739 4316
717 3569 31 4317
841 819 2659 4319
3368 223 731 4322
1806 1809 710 4325
12 1122 3194 4328
2237 233 1864 4334
265 1392 2679 4336
3178 1022 139 4339
461 2040 1839 4340
158 3754 429 4341
1195 2354 793 4342
48 2621 1676 4345
2014 1235 1099 4348
2856 98 1395 4349
2644 1217 491 4352
1295 731 2327 4353
257 2851 1246 4354
1086 2023 1246 4355
478 2422 1456 4356
1761 379 2217 4357
1018 769 2571 4358
822 2349 1188 4359
266 2731 1363 4360
209 1517 2635 4361
894 196 3272 4362
3375 72 916 4363
218 1675 2473 4366
3204 816 348 4368
37 2739 1593 4369
841 1203 2331 4375
1423 2349 606 4378
448 3254 678 4380
2570 1315 499 4384
387 2435 1564 4386
2298 1662 428 4388
908 2252 1229 4389
543 3156 691 4390
313 2069 2009 4391
902 1675 1815 4392
839 183 3371 4393
1468 593 2338 4399
2732 1327 348 4407
1680 1509 1220 4409
2289 2103 18 4410
2638 1504 269 4411
2378 279 1755 4412
718 1496 2199 4413
2863 1125 427 4415
532 3511 373 4416
2515 118 1788 4421
1645 2615 162 4422
1110 1899 1415 4424
1778 1511 1136 4425
515 1631 2281 4427
2005 2246 177 4428
1975 317 2137 4429
1084 545 2803 4432
2908 835 690 4433
2594 1532 308 4434
3390 1025 21 4436
1131 2575 731 4437
2083 1852 507 4442
489 1467 2489 4445
2398 234 1815 4447
650 1823 1976 4449
2377 1154 919 4450
1216 1827 1408 4451
62 1848 2542 4452
2453 736 1265 4454
1456 438 2561 4455
860 1391 2206 4457
2573 985 901 4459
840 1513 2109 4462
2365 2066 33 4464
429 2349 1687 4465
2925 368 1173 4466
2611 715 1141 4467
2860 1348 262 4470
1443 825 2203 4471
1417 333 2722 4472
1180 1236 2058 4474
2536 827 1113 4476
1515 2822 141 4478
1844 1043 1593 4480
3821 40 620 4481
281 527 3675 4483
900 1048 2537 4485
2449 655 1382 4486
977 1720 1790 4487
1326 2787 375 4488
2037 389 2063 4489
2000 1082 1408 4490
764 3497 237 4498
94 1955 2452 4501
1903 1666 934 4503
904 2337 1263 4504
623 2742 1140 4505
925 118 3463 4506
1155 256 3096 4507
3806 700 3 4509
3250 678 582 4510
871 2963 678 4512
1207 2982 325 4514
1163 68 3284 4515
57 3943 516 4516
606 1570 2341 4517
151 3478 890 4519
3371 653 498 4522
1152 1081 2290 4523
1100 2472 952 4524
1840 2198 492 4530
2483 1050 998 4531
2091 522 1919 4532
2636 1174 723 4533
335 2638 1563 4536
2510 1106 921 4537
802 1614 2124 4540
327 1201 3015 4543
1123 2381 1041 4545
1319 1420 1807 4546
1551 599 2397 4547
758 292 3498 4548
488 3115 946 4549
244 2648 1658 4550
220 1813 2519 4552
523 3295 735 4553
609 171 3776 4556
2309 1695 553 4557
247 3891 420 4558
1309 524 2726 4559
911 872 2777 4560
712 3108 743 4563
2790 1493 281 4564
3360 640 567 4567
1666 1971 931 4568
2984 1579 8 4571
1144 1877 1552 4573
400 238 3939 4577
817 85 3676 4578
862 2777 941 4580
1426 1555 1601 4582
1309 1246 2028 4583
3714 549 321 4584
202 2675 1708 4585
3961 469 156 4586
991 639 2957 4587
680 1718 2190 4588
209 1375 3007 4591
679 2670 1245 4594
1932 1222 1442 4596
1969 2367 261 4597
66 1758 2774 4598
614 3603 382 4599
178 3981 441 4600
81 2624 1896 4601
3622 307 673 4602
977 3434 194 4605
3880 416 311 4607
236 3400 973 4609
122 3664 825 4611
2162 327 2124 4613
2382 42 2191 4615
195 578 3844 4617
538 1755 2325 4618
2701 1224 698 4623
3823 466 335 4624
1334 2145 1147 4626
893 1671 2063 4627
1121 2531 979 4631
1523 1542 1568 4633
3495 887 252 4634
3270 837 529 4636
1576 643 2418 4637
3659 171 808 4638
1176 698 2765 4639
295 1767 2580 4642
2512 2037 94 4643
652 3398 594 4644
2369 606 1671 4646
932 1177 2538 4647
3892 313 443 4648
1003 865 2782 4650
260 3803 588 4651
1326 1131 2195 4652
2915 645 1093 4653
2266 2126 263 4655
1570 2128 958 4656
728 1867 2063 4658
3000 1628 31 4659
2244 1387 1031 4662
2267 810 1586 4663
474 3100 1091 4665
1121 3419 126 4666
1584 142 2943 4669
1615 25 3031 4671
2223 1145 1305 4673
261 2418 1995 4674
213 821 3641 4675
698 3370 608 4676
1771 2082 824 4677
3098 1065 515 4678
418 1720 2543 4681
549 2690 1444 4683
400 633 3651 4684
384 864 3438 4686
786 1013 2888 4687
1839 1583 1266 4688
3029 1157 504 4690
3 1492 3196 4691
1355 2678 659 4692
2066 1640 987 4693
858 121 3715 4694
2060 1640 996 4696
3052 811 834 4697
349 3392 957 4698
1011 743 2945 4699
574 3172 954 4700
2383 762 1556 4701
438 3569 695 4702
1387 3051 265 4703
746 383 3576 4705
12 1984 2710 4706
1246 566 2895 4707
1642 2214 856 4712
611 3035 1069 4715
1460 792 2464 4716
1466 2350 901 4717
3975 357 388 4720
796 1029 2896 4721
2993 283 1447 4723
791 698 3236 4725
551 210 3965 4726
1031 3682 14 4727
279 2325 2124 4728
1392 1289 2050 4731
988 1457 2287 4732
799 1114 2820 4733
2050 1330 1354 4734
3215 1017 503 4735
1467 1500 1769 4736
134 2753 1852 4739
801 298 3642 4741
3073 742 928 4743
1718 1157 1871 4746
1528 552 2669 4749
866 314 3570 4750
1147 2613 992 4752
3140 446 1167 4753
15 2038 2701 4754
3503 1194 60 4757
715 3904 139 4758
431 766 3562 4759
2183 887 1690 4760
1769 1290 1705 4764
3800 494 471 4765
2610 107 2051 4768
1592 366 2811 4769
3406 1242 122 4770
1333 585 2853 4771
319 1826 2627 4772
3973 546 254 4773
536 2096 2142 4774
2271 1915 590 4776
1283 1046 2448 4777
402 3535 841 4778
945 1729 2106 4780
1970 2648 163 4781
346 2806 1630 4782
933 3462 388 4783
3914 701 170 4785
2106 1374 1306 4786
2244 404 2141 4789
3489 80 1223 4792
2674 49 2072 4795
2705 1166 925 4796
3755 112 930 4797
1126 847 2828 4801
2127 2608 68 4803
959 3818 27 4804
1061 2503 1241 4805
1417 2366 1023 4806
1908 1391 1510 4809
3123 1010 677 4810
1504 2468 839 4811
2534 1017 1263 4814
148 3326 1342 4816
739 1326 2753 4818
1136 1220 2464 4820
1759 986 2078 4823
1102 649 3073 4824
2599 2208 18 4825
980 1565 2281 4826
2991 823 1013 4827
2184 2106 538 4828
1844 96 2889 4829
1396 583 2851 4830
2331 2465 36 4832
1398 2250 1186 4834
1464 2282 1089 4835
3090 1446 300 4836
100 3969 768 4837
715 2957 1166 4838
1297 1083 2461 4841
1068 2988 786 4842
1189 2190 1464 4843
2483 1850 511 4844
347 2126 2372 4845
665 215 3966 4846
1595 2385 867 4847
3926 178 746 4850
979 1724 2149 4852
2863 568 1422 4853
2398 789 1667 4854
1265 2115 1475 4855
1978 990 1892 4860
826 109 3926 4861
1720 2313 831 4864
921 1078 2866 4865
385 3171 1310 4866
1581 1672 1615 4868
3638 392 839 4869
2235 2624 11 4870
3526 982 363 4871
2888 1024 960 4872
637 2326 1911 4874
2239 1637 999 4875
3408 916 552 4876
2088 362 2430 4880
1392 284 3205 4881
3315 315 1252 4882
736 309 3838 4883
907 254 3724 4885
1803 416 2670 4889
3099 1740 52 4891
1519 792 2581 4892
1521 3364 8 4893
1619 480 2797 4896
1954 1818 1126 4898
1349 3465 85 4899
1270 1990 1642 4902
841 2888 1174 4903
2660 1535 711 4906
2802 1966 139 4907
1865 3001 44 4910
755 3257 899 4911
826 1052 3037 4915
1391 384 3141 4916
1759 203 2956 4918
2252 1900 768 4920
2307 1742 872 4921
31 3397 1494 4922
1024 292 3607 4923
620 1865 2439 4924
835 3044 1046 4925
1863 1048 2016 4927
1841 2819 268 4928
2144 1259 1526 4929
1838 121 2971 4930
3617 683 631 4931
1142 2013 1780 4935
406 2478 2052 4936
3273 923 741 4937
2155 841 1942 4938
1648 1036 2255 4939
2072 1848 1020 4940
839 3165 940 4944
2306 813 1826 4945
942 2761 1245 4948
2511 1107 1333 4951
1724 1327 1901 4952
3086 1125 742 4953
143 3846 965 4954
1848 1341 1767 4956
1030 3922 5 4957
2380 68 2511 4959
2713 1297 950 4960
1229 1460 2272 4961
690 1784 2489 4963
2199 1496 1270 4965
2539 1917 512 4968
1129 1649 2192 4970
2820 436 1715 4971
2054 2060 858 4972
2667 534 1773 4974
2348 2418 209 4975
1785 1242 1950 4977
2859 774 1345 4978
1776 261 2942 4979
3721 134 1127 4982
1130 2700 1153 4983
206 3994 784 4984
2588 1214 1183 4985
3205 307 1474 4986
2075 1925 988 4988
2946 1425 618 4989
2730 129 2131 4990
360 706 3925 4991
657 2782 1556 4995
2802 345 1854 5001
1826 2469 709 5004
3186 1668 151 5005
779 1707 2524 5010
2069 1826 1116 5011
1230 1271 2512 5013
1690 1408 1917 5015
99 2534 2384 5017
3698 425 895 5018
1168 2554 1297 5019
2708 1451 864 5023
2853 39 2132 5024
38 3066 1922 5026
1275 2768 986 5029
1683 1138 2210 5031
2681 555 1798 5034
1734 282 3019 5035
2366 2242 428 5036
3167 42 1828 5037
2773 1890 376 5039
729 3233 1078 5040
1430 1638 1973 5041
972 1784 2286 5042
346 2366 2331 5043
1760 2824 460 5044
3030 115 1901 5046
2119 805 2123 5047
1345 2782 922 5049
1802 1220 2032 5054
2531 2178 348 5057
2913 1055 1090 5058
416 2984 1659 5059
1846 3022 194 5062
715 3063 1285 5063
1533 141 3390 5064
1342 1320 2403 5065
2125 1361 1583 5069
639 3077 1354 5070
1496 775 2801 5072
1183 3818 73 5074
3167 78 1830 5075
2575 1440 1061 5076
728 2101 2249 5078
774 399 3906 5079
486 1312 3282 5080
3217 1684 182 5083
545 3688 851 5084
1737 1198 2152 5087
1093 3477 518 5088
2258 800 2031 5089
3327 453 1310 5090
2999 337 1755 5091
413 1334 3346 5093
1682 826 2586 5094
2322 806 1967 5095
548 1115 3434 5097
2520 341 2237 5098
2374 1334 1391 5099
2063 1260 1777 5100
1765 1348 1988 5101
121 1022 3959 5102
2971 191 1941 5103
1349 25 3730 5104
3144 999 962 5105
794 1187 3125 5106
791 1209 3107 5107
1621 1591 1897 5109
1080 2209 1821 5110
529 3575 1007 5111
1666 2936 512 5114
2336 1885 896 5117
1301 967 2851 5119
185 2523 2413 5121
2848 1124 1150 5122
2854 1251 1018 5123
1963 1490 1671 5124
2168 35 2923 5126
3045 385 1698 5128
1109 3996 27 5132
3260 543 1330 5133
1617 2841 678 5136
1990 2703 444 5137
2574 1876 689 5139
3608 737 795 5140
2524 1771 847 5142
472 2063 2609 5144
3338 1520 287 5145
2549 538 2059 5146
2195 1266 1686 5147
2724 1787 637 5148
3958 1148 45 5151
907 3405 842 5154
1267 400 3488 5155
288 2110 2758 5156
2492 561 2104 5157
418 1996 2744 5158
3886 487 786 5159
1423 2243 1496 5162
1385 2536 1243 5164
2902 1203 1061 5166
1675 607 2885 5167
1206 17 3947 5170
2239 2496 436 5171
3707 818 647 5172
3998 65 1110 5173
1928 1867 1380 5175
3511 160 1505 5176
1281 1569 2327 5177
2086 2358 734 5178
2887 1851 442 5180
3951 943 287 5181
2521 1502 1159 5182
3005 2155 23 5183
3128 508 1549 5185
1048 453 3685 5186
2650 1239 1300 5189
3113 2011 66 5190
413 904 3876 5193
2511 400 2283 5194
894 3759 542 5195
1798 1675 1724 5197
2046 447 2706 5199
2068 425 2707 5200
492 1295 3414 5201
1596 1840 1766 5202
2373 969 1861 5203
2595 2329 280 5204
2022 858 2325 5205
311 1704 3191 5206
2232 447 2529 5208
1069 1310 2832 5211
3392 1325 497 5214
1085 2511 1619 5215
446 2553 2217 5216
3246 1889 82 5217
2471 1380 1368 5219
1297 201 3722 5220
783 3064 1374 5221
3461 530 1231 5222
3034 218 1972 5224
175 2891 2159 5225
2082 467 2677 5226
2623 2302 302 5227
2347 794 2088 5229
79 1585 3566 5230
3081 124 2026 5231
590 1230 3413 5233
2909 856 1471 5236
1341 654 3242 5237
1248 271 3719 5238
281 1014 3945 5240
311 1901 3030 5242
3344 1720 179 5243
395 3786 1063 5244
2245 2315 685 5245
1329 1222 2695 5246
1927 2285 1038 5250
1594 2787 872 5253
2510 858 1886 5254
1169 3684 405 5258
2782 923 1555 5260
3491 37 1734 5262
2315 1768 1180 5263
3499 1141 624 5264
2983 23 2260 5266
292 1509 3467 5268
448 1053 3768 5269
3641 297 1332 5270
1178 2903 1191 5272
2939 479 1855 5273
291 2466 2518 5275
2078 1859 1339 5276
1359 1924 1994 5277
643 2036 2600 5279
1046 1497 2737 5280
3170 1547 564 5281
1342 540 3400 5282
1853 3330 100 5283
938 3937 410 5285
767 2845 1674 5286
1350 1405 2532 5287
2749 466 2073 5288
3995 849 448 5292
3454 1349 490 5293
1682 2190 1422 5294
1706 1785 1805 5296
340 2621 2337 5298
1132 2193 1977 5302
901 1415 2987 5303
1349 496 3459 5304
227 2587 2491 5305
3596 328 1382 5306
466 1898 2945 5309
1069 1034 3207 5310
337 3957 1017 5311
1551 1051 2710 5312
1251 519 3543 5313
2338 300 2676 5314
2604 48 2666 5318
2046 2705 568 5319
2720 721 1881 5322
1690 1795 1838 5323
1297 3442 587 5326
1955 1343 2029 5327
3614 664 1050 5328
263 2624 2444 5331
1369 2868 1096 5333
205 3220 1909 5334
3798 739 799 5336
2221 2433 683 5337
307 2837 2195 5339
1195 2280 1865 5340
1137 2836 1368 5341
1545 3504 297 5346
2033 1808 1506 5347
2888 1679 781 5348
1428 2509 1412 5349
2800 1552 998 5350
1946 3083 323 5352
1297 2624 1433 5354
1047 681 3628 5356
127 3179 2052 5358
386 2619 2354 5359
927 1642 2792 5361
206 1429 3727 5362
2575 1103 1686 5364
1742 1892 1733 5367
2549 550 2270 5369
2909 1201 1260 5370
3290 350 1731 5371
1910 31 3431 5372
2198 2833 343 5374
2849 920 1606 5375
527 3081 1768 5376
3743 1513 121 5377
3894 374 1111 5379
3230 331 1819 5380
1434 1978 1971 5383
2166 2202 1016 5384
1206 2053 2126 5385
1168 3220 1000 5388
1502 688 3199 5389
936 2295 2161 5392
810 3362 1221 5393
286 2123 2985 5394
831 1070 3494 5395
1611 3624 161 5396
2251 3098 50 5399
2278 535 2587 5400
2052 1494 1855 5401
1420 3383 599 5402
1125 692 3586 5403
364 1505 3537 5406
2886 2013 508 5407
883 3943 582 5408
98 3147 2164 5409
63 3885 1464 5412
2218 384 2811 5413
2009 934 2471 5414
847 3098 1470 5415
3234 1996 186 5416
3556 1233 628 5417
152 1884 3382 5418
3665 1092 662 5419
1502 2043 1875 5420
2916 1578 929 5423
2920 915 1589 5424
3151 723 1552 5426
1475 2020 1935 5430
1564 2122 1746 5432
3185 211 2038 5434
1008 541 3887 5436
571 1010 3856 5437
917 3013 1509 5439
1426 517 3498 5441
1508 2214 1720 5442
2180 1996 1267 5443
1993 1123 2328 5444
1257 898 3290 5445
2444 2797 205 5446
1930 3122 395 5447
2466 1905 1077 5448
1831 3255 363 5449
2626 790 2035 5451
1543 694 3215 5452
1756 424 3274 5454
495 2582 2378 5455
1864 1806 1787 5457
2178 1013 2267 5458
2227 2983 249 5459
1692 1866 1903 5461
2625 310 2527 5462
3606 1430 427 5463
1651 2022 1793 5466
2345 677 2445 5467
1526 2356 1588 5470
709 3997 765 5471
3826 247 1400 5473
352 2489 2633 5474
1120 1617 2740 5477
2005 1781 1692 5478
1437 1075 2967 5479
911 1676 2893 5480
3071 321 2091 5483
1908 994 2583 5485
1137 1392 2957 5486
2356 2239 892 5487
2640 2771 77 5488
470 1070 3949 5489
1283 729 3478 5490
1820 3454 218 5492
161 2154 3178 5493
1948 1648 1899 5495
1950 779 2767 5496
1386 3838 273 5497
1384 1657 2457 5498
1675 1974 1850 5499
1775 1263 2462 5500
3111 1933 457 5501
1205 2744 1554 5503
2732 2458 314 5504
2826 974 1705 5505
3972 685 849 5506
2980 2366 162 5508
2574 2260 675 5509
2800 872 1838 5510
2809 31 2671 5511
1629 1497 2386 5512
1515 1492 2506 5513
2761 1445 1308 5514
3348 1501 666 5515
736 899 3881 5516
730 1583 3204 5517
2181 1541 1796 5518
2202 1470 1848 5520
2704 624 2193 5521
1228 1847 2447 5522
1083 1838 2602 5523
3885 1130 509 5524
3756 932 838 5526
1591 2588 1348 5527
2863 1676 990 5529
1796 530 3204 5530
3298 1114 1119 5531
668 2937 1927 5532
3902 521 1110 5533
1216 2669 1650 5535
1916 330 3291 5537
2599 730 2209 5538
1408 459 3673 5540
1023 2383 2135 5541
854 3211 1477 5542
3133 1167 1244 5544
2292 2106 1147 5545
1819 3332 395 5546
650 3232 1667 5549
2416 1731 1403 5550
2251 2782 518 5551
2011 3177 371 5559
1869 995 2696 5560
2367 1806 1388 5561
1038 3461 1063 5562
1487 3967 111 5565
1388 1050 3129 5567
2879 2072 617 5568
3110 894 1565 5569
1733 3531 307 5571
3869 1317 388 5574
2764 1663 1148 5575
1508 72 3997 5577
1031 2524 2023 5578
1427 2796 1356 5579
3474 1785 321 5580
856 2815 1911 5582
1997 2400 1187 5584
3266 2233 87 5586
1071 1090 3427 5588
463 2306 2820 5589
3616 1650 324 5590
3680 1537 375 5592
2534 2606 453 5593
978 3037 1579 5594
3761 378 1456 5595
1555 3139 902 5596
2819 23 2756 5598
1907 2938 754 5599
516 2583 2501 5600
3707 131 1764 5602
2495 2884 226 5605
508 2947 2152 5607
1399 1074 3135 5608
1036 1817 2756 5609
2618 2408 585 5611
3140 474 1998 5612
519 3502 1592 5613
172 3582 1860 5614
1374 3398 844 5616
1936 1250 2431 5617
3243 2318 57 5618
2738 1933 949 5620
796 1367 3458 5621
3827 587 1208 5622
1074 2400 2149 5623
424 3066 2136 5626
380 3339 1909 5628
2221 1301 2107 5629
991 1304 3335 5630
561 2863 2207 5631
1779 83 3770 5632
2962 2350 321 5633
2108 1476 2050 5634
1519 3231 885 5635
3848 495 1293 5636
1449 2138 2050 5637
3677 616 1347 5640
2596 289 2756 5641
2264 759 2619 5642
720 2577 2346 5643
2082 2739 824 5645
1877 3377 392 5646
2335 1686 1626 5647
348 3864 1438 5650
1476 2939 1236 5651
297 2291 3064 5652
1306 505 3842 5653
2126 1815 1713 5654
942 1358 3356 5656
1376 526 3758 5660
1830 2379 1452 5661
1815 3562 285 5662
1971 1433 2259 5663
1280 3072 1313 5665
2680 2113 873 5666
55 2197 3418 5670
704 3885 1082 5671
2283 634 2757 5674
2617 2724 334 5675
1825 2717 1134 5676
1067 3372 1238 5677
1115 725 3838 5678
2295 1309 2075 5679
246 3087 2347 5680
1676 300 3705 5681
3177 90 2417 5684
647 3331 1708 5686
858 1758 3071 5687
3776 1097 815 5688
1410 2091 2188 5689
3940 714 1036 5690
2936 1626 1129 5691
3134 1774 784 5692
1306 590 3797 5693
1294 3578 822 5694
3584 1021 1090 5695
1828 2370 1499 5697
922 2032 2744 5698
3182 194 2323 5699
1027 1275 3398 5700
3328 1068 1306 5702
1775 1686 2242 5703
1748 281 3676 5705
2557 2701 448 5706
2609 2004 1094 5707
1489 3752 467 5708
311 2410 2988 5709
1763 2255 1692 5710
452 3969 1290 5711
3406 1890 416 5712
3819 600 1294 5713
479 3461 1777 5717
582 1160 3976 5718
3294 750 1675 5719
1075 2471 2174 5720
71 2090 3561 5722
2502 219 3004 5725
2991 1605 1130 5726
2832 1711 1184 5727
1754 73 3902 5729
1391 2860 1479 5730
1030 3273 1429 5732
1632 3852 249 5733
2780 2818 138 5736
2246 1449 2042 5737
1601 3222 915 5738
2774 2954 11 5739
952 3811 979 5742
3623 1712 408 5743
2980 82 2682 5744
3114 1301 1330 5745
2900 2000 846 5746
867 2476 2404 5747
7 1884 3857 5748
3746 700 1303 5749
1900 3319 531 5750
2932 1320 1499 5751
1871 329 3552 5752
2872 1799 1083 5754
3155 14 2587 5756
2806 58 2893 5757
2821 1494 1444 5759
5 2629 3126 5760
2229 2412 1120 5761
2055 2012 1695 5762
2909 1048 1807 5764
3103 285 2378 5766
884 3716 1167 5767
3256 2234 279 5769
162 2330 3278 5770
1089 3069 1613 5771
1887 977 2909 5773
1164 2651 1959 5774
2278 2030 1467 5775
731 1143 3903 5777
1704 1075 2999 5778
190 3555 2034 5779
2870 2386 525 5781
2865 441 2479 5785
964 2759 2063 5786
2079 3595 113 5787
142 3839 1807 5788
1712 193 3885 5790
1761 1902 2130 5793
155 3809 1831 5795
1001 3386 1409 5796
255 1614 3928 5797
1867 62 3869 5798
2213 2814 775 5802
733 1142 3928 5803
2518 2391 895 5804
2946 2262 597 5805
1139 1094 3574 5807
3148 927 1733 5808
856 2365 2589 5810
3606 1866 342 5814
945 3579 1291 5815
721 3694 1401 5816
2761 2771 285 5817
3172 729 1917 5818
1116 3810 893 5819
1964 1718 2138 5820
1628 3090 1103 5821
3354 894 1575 5823
1996 274 3555 5825
2164 3636 26 5826
2594 973 2260 5827
2759 1838 1232 5829
1910 1178 2742 5830
779 3768 1284 5831
1579 1628 2625 5832
1557 3922 354 5833
2135 59 3640 5834
226 1716 3894 5836
1167 3861 809 5837
3821 1292 726 5839
2489 1850 1501 5840
2724 637 2480 5841
2321 1960 1563 5844
434 3922 1489 5845
1279 2350 2217 5846
2441 1373 2033 5847
3217 141 2494 5852
3476 1246 1133 5855
1930 220 3707 5857
353 2741 2764 5858
2370 1195 2294 5859
2966 1980 915 5861
843 3544 1475 5862
2692 2146 1025 5863
1991 3211 663 5865
73 2340 3453 5866
2202 220 3445 5867
2936 54 2878 5868
1918 542 3409 5869
2791 1021 2062 5874
3579 1025 1273 5877
533 2397 2948 5878
2409 2211 1261 5881
2310 2334 1238 5882
3893 1261 729 5883
2990 576 2322 5888
2042 1306 2541 5889
1521 3949 420 5890
2509 1908 1474 5891
1524 1383 2985 5892
1925 173 3795 5893
1965 1945 1985 5895
501 1627 3768 5896
3005 1004 1891 5900
1805 1196 2901 5902
781 1636 3487 5904
2398 2866 641 5905
770 2803 2333 5906
2308 1450 2150 5908
753 3260 1896 5909
3125 905 1880 5910
2761 140 3010 5911
3206 881 1825 5912
3413 1249 1251 5913
436 3649 1831 5916
1236 1044 3637 5917
1054 3815 1049 5918
1614 2927 1379 5920
2094 36 3791 5921
3940 1282 700 5922
2382 2357 1184 5923
503 2500 2921 5924
276 1755 3894 5925
2645 1841 1441 5927
942 1912 3074 5928
1226 2063 2640 5929
2542 2188 1200 5930
840 3185 1906 5931
3281 1451 1201 5933
1089 1413 3432 5934
3918 376 1642 5936
1891 567 3479 5937
845 2644 2449 5938
3429 680 1832 5941
3275 2639 28 5942
1577 877 3489 5943
272 3408 2264 5944
1549 3448 949 5946
245 2278 3424 5947
670 3746 1532 5948
1076 3368 1505 5949
1905 2983 1063 5951
426 3397 2130 5953
2266 2512 1176 5954
1827 1361 2767 5955
1478 3289 1189 5956
318 3645 1994 5957
2144 3314 502 5960
3721 1441 799 5961
752 3890 1321 5963
2053 1818 2093 5964
804 3480 1681 5965
743 3182 2041 5966
1642 1804 2523 5969
1566 2988 1416 5970
2804 649 2518 5971
1095 1592 3286 5973
678 1314 3983 5975
3673 1187 1117 5977
2193 589 3196 5978
1710 500 3769 5979
1464 2024 2492 5980
1054 3349 1579 5982
2718 2450 815 5983
1973 1405 2606 5984
2546 3322 117 5985
1861 205 3920 5986
2254 1216 2517 5987
3239 472 2277 5988
3691 1534 764 5989
2871 1253 1866 5990
1673 1969 2349 5991
732 2730 2530 5992
2609 622 2762 5993
1867 3960 167 5994
3886 201 1908 5995
757 3018 2222 5997
3498 661 1839 5998
3947 1757 295 5999
2856 415 2731 6002
3198 991 1814 6003
1634 1988 2382 6004
2629 3132 247 6008
3095 713 2203 6011
1794 2057 2161 6012
1301 1626 3086 6013
2209 3253 552 6014
1406 3433 1176 6015
1639 938 3439 6016
3156 1899 963 6018
2483 3081 455 6019
2184 1776 2060 6020
2234 908 2880 6022
1418 2208 2397 6023
1995 1904 2125 6024
625 3500 1900 6025
643 2510 2873 6026
940 2378 2709 6027
133 2694 3202 6029
2426 301 3303 6030
3473 260 2300 6033
2971 812 2251 6034
539 1827 3672 6038
2980 1436 1623 6039
2730 366 2948 6044
2442 151 3452 6045
1420 1310 3316 6046
2979 746 2322 6047
3665 511 1872 6048
323 2128 3598 6049
1019 3636 1395 6050
2411 1537 2105 6053
1375 743 3936 6054
2497 2080 1478 6055
3808 1063 1185 6056
353 2376 3328 6057
1641 2363 2057 6061
3480 35 2547 6062
476 2226 3364 6066
1599 1221 3247 6067
3512 1843 713 6068
3078 1213 1780 6071
498 3995 1580 6073
2218 3219 639 6076
2296 1412 2370 6078
295 2428 3356 6079
3266 431 2383 6080
237 2030 3815 6082
957 1168 3963 6088
1832 2871 1386 6089
1748 1662 2680 6090
1470 1247 3374 6091
1576 2597 1919 6092
2532 1713 1848 6093
3509 1957 629 6095
2584 3102 411 6097
3031 1671 1398 6100
1323 1273 3507 6103
1857 2674 1574 6105
1474 2959 1675 6108
2892 2861 358 6111
812 1944 3358 6114
1002 2022 3091 6115
223 2508 3385 6116
2344 265 3511 6120
2802 2113 1207 6122
1551 3308 1264 6123
3464 2451 209 6124
3788 1096 1242 6126
2896 1302 1930 6128
956 1244 3929 6129
2275 2002 1853 6130
1947 3126 1058 6131
3210 2299 623 6132
2459 443 3231 6133
1940 3916 279 6135
3001 547 2589 6137
1470 1834 2834 6138
2925 3170 45 6140
3189 2491 462 6142
3328 533 2282 6143
482 3584 2080 6146
884 2170 3093 6147
1574 3409 1165 6148
3149 1343 1657 6149
1661 2650 1840 6151
1314 2372 2467 6153
2345 1874 1935 6154
2102 1790 2263 6155
2746 2497 914 6157
2556 3396 206 6158
3207 2045 908 6160
3901 741 1519 6161
3212 775 2179 6166
3652 1487 1029 6168
2848 1475 1846 6169
1965 831 3374 6170
3604 1286 1281 6171
1326 3553 1293 6172
2957 138 3078 6173
2449 1531 2198 6178
2766 2608 805 6179
2293 3281 606 6180
1446 3003 1732 6181
1139 3194 1849 6182
2614 819 2751 6184
2404 1394 2387 6185
1858 2800 1530 6188
28 2795 3366 6189
390 2273 3527 6190
2362 428 3401 6191
440 3308 2445 6193
237 3900 2057 6194
3615 1026 1558 6199
2355 2664 1181 6200
2142 3903 157 6202
2235 2631 1337 6203
1026 1429 3749 6204
706 2766 2733 6205
2150 647 3409 6206
3294 1435 1478 6207
2883 1761 1565 6209
2044 2684 1482 6210
1540 3687 985 6212
1489 3704 1020 6213
2485 942 2787 6214
3696 485 2035 6216
3517 219 2481 6217
3954 533 1732 6219
2732 2431 1057 6220
2508 935 2778 6221
2824 1120 2278 6222
2118 278 3828 6224
2261 3421 543 6225
1582 2396 2248 6226
1606 2415 2206 6227
3369 2124 735 6228
1780 1073 3376 6229
3120 232 2879 6231
3126 1207 1899 6232
1344 2109 2781 6234
1659 2198 2378 6235
2761 3302 173 6236
1495 1790 2954 6239
3698 613 1929 6240
2910 200 3131 6241
2603 201 3440 6244
1855 443 3948 6246
1099 3070 2079 6248
285 2978 2986 6249
1086 1855 3309 6250
2019 2745 1487 6251
1546 1272 3434 6252
2803 1128 2324 6255
874 1640 3742 6256
1718 1035 3504 6257
122 3314 2822 6258
1245 3645 1369 6259
669 2553 3038 6260
3719 361 2181 6261
3850 774 1639 6263
3581 456 2227 6264
3541 747 1979 6267
164 3644 2461 6269
1708 2106 2457 6271
2330 3387 555 6272
27 2580 3666 6273
1471 3023 1782 6276
2853 2965 459 6277
1125 2721 2432 6278
2465 1578 2236 6279
2370 2005 1905 6280
2650 421 3211 6282
3431 2033 819 6283
3303 1850 1132 6285
3900 412 1974 6286
1324 3434 1529 6287
1664 2660 1964 6288
2561 2310 1418 6289
2133 1081 3077 6291
438 2322 3533 6293
2361 2950 984 6295
282 3834 2180 6296
220 3443 2634 6297
3990 408 1900 6298
2723 2669 908 6300
3823 2036 442 6301
3314 2122 867 6303
1749 1583 2972 6304
2615 2435 1256 6306
917 1607 3783 6307
3608 414 2286 6308
2313 3335 662 6310
3241 2314 756 6311
1902 2128 2282 6312
3840 253 2222 6315
2530 2202 1584 6316
2530 1328 2462 6320
2272 3433 616 6321
3392 1988 942 6322
2528 1043 2752 6323
1987 1621 2718 6326
3608 1227 1492 6327
2595 2622 1111 6328
2142 1951 2237 6330
1948 549 3834 6331
3042 2019 1273 6334
1518 1105 3712 6335
3002 2497 839 6338
1726 3840 773 6339
1601 1232 3507 6340
3116 2619 606 6341
2717 1947 1679 6343
1471 3478 1395 6344
2785 1942 1618 6345
2316 3201 829 6346
2329 106 3913 6348
94 3702 2553 6349
2745 1952 1654 6351
2314 3248 790 6352
3869 1724 760 6353
3137 1773 1444 6354
2673 2330 1352 6355
3945 2123 289 6357
3588 2536 240 6364
2347 898 3121 6366
602 2179 3586 6367
1798 2044 2526 6368
1435 999 3936 6370
2905 2772 694 6371
201 2711 3460 6372
2795 3337 244 6376
3370 1528 1479 6377
3093 3007 278 6378
3785 1879 715 6379
1389 1400 3591 6380
804 2337 3241 6382
939 2963 2483 6385
3117 2622 647 6386
3453 349 2585 6387
3008 2492 888 6388
392 3884 2113 6389
1600 3221 1569 6390
1114 1472 3806 6392
3631 1359 1404 6394
3897 1189 1309 6395
986 1631 3779 6396
3901 1742 756 6399
2659 2641 1101 6401
2926 979 2497 6402
180 3173 3050 6403
911 2167 3327 6405
2366 1330 2710 6406
78 3147 3182 6407
962 2331 3115 6408
281 3747 2381 6409
2230 3021 1160 6411
1306 1649 3460 6415
947 2281 3188 6416
3142 1708 1568 6418
73 2723 3623 6419
3978 2274 168 6420
3230 932 2260 6422
2244 955 3224 6423
2685 2145 1596 6426
123 3602 2703 6428
1384 2475 2570 6429
3500 2199 733 6432
2891 1911 1632 6434
836 2660 2939 6435
3099 2933 404 6436
3101 1520 1816 6437
2132 1358 2948 6438
3847 1540 1052 6439
3181 2727 536 6444
2097 1425 2925 6447
2027 1639 2782 6448
3381 679 2389 6449
1248 1469 3733 6450
2727 2810 914 6451
3616 2296 540 6452
1648 1509 3297 6454
1830 1138 3487 6455
1104 1867 3486 6457
2435 1201 2822 6458
2466 1945 2048 6459
2645 1040 2775 6460
2566 1399 2496 6461
2491 2374 1597 6462
2952 2162 1350 6464
3940 213 2312 6465
1212 1627 3627 6466
3946 759 1762 6467
2143 2848 1482 6473
58 2827 3591 6476
1014 1755 3708 6477
3876 974 1628 6478
656 2262 3561 6479
1075 1648 3757 6480
2207 3427 848 6482
2850 549 3085 6484
1268 3133 2084 6485
2837 95 3556 6488
1801 1146 3543 6490
1238 2520 2733 6491
1613 3820 1059 6492
3004 1485 2004 6493
2500 1015 2980 6495
2887 2475 1134 6496
741 3370 2387 6498
3992 731 1776 6499
175 3351 2974 6500
3493 2654 354 6501
677 2428 3397 6502
1576 2388 2539 6503
431 2601 3474 6506
2966 2567 974 6507
2284 248 3977 6509
3014 114 3383 6511
724 2680 3108 6512
260 3507 2746 6513
3568 1950 996 6514
2275 2860 1380 6515
1184 2114 3218 6516
3073 2532 912 6517
3466 1006 2046 6518
3353 3013 153 6519
2622 801 3097 6520
2189 2487 1846 6522
997 2602 2924 6523
1822 3298 1404 6524
2346 2892 1288 6526
2709 798 3020 6527
2951 2137 1440 6528
3668 1496 1365 6529
2452 3538 540 6530
3305 1565 1661 6531
2116 1365 3051 6532
2387 2380 1766 6533
2962 1795 1777 6534
1455 3819 1261 6535
3258 2317 961 6536
3993 1814 730 6537
3351 2068 1119 6538
3272 1386 1881 6539
2674 370 3496 6540
647 2667 3227 6541
1265 3648 1629 6542
2706 2756 1081 6543
1950 1940 2654 6544
2477 145 3925 6547
3405 1089 2054 6548
1703 3754 1092 6549
1188 1878 3484 6550
3777 312 2462 6551
1913 3913 728 6554
3926 933 1697 6556
2124 551 3882 6557
1442 1541 3575 6558
2780 1612 2167 6559
2270 3411 879 6560
3392 1373 1796 6561
1666 2415 2481 6562
220 3690 2653 6563
3175 1613 1776 6564
2436 3206 924 6566
3459 950 2158 6567
2717 765 3088 6570
3530 1054 1987 6571
3271 444 2858 6573
3741 1409 1424 6574
3745 1272 1558 6575
1212 2345 3019 6576
2143 3988 451 6582
1914 2151 2520 6585
2380 3584 623 6587
328 3730 2532 6590
3311 225 3055 6591
2544 2364 1684 6592
1624 1123 3846 6593
2614 1714 2266 6594
1014 2975 2608 6597
1696 1829 3073 6598
2542 1301 2756 6599
958 2199 3443 6600
3788 1417 1396 6601
3642 1289 1671 6602
2292 1210 3101 6603
3348 1799 1457 6604
875 1911 3819 6605
394 2913 3299 6606
2769 2007 1832 6608
5 3758 2846 6609
2079 3284 1248 6611
266 3279 3067 6612
2725 3334 554 6613
3495 96 3023 6614
1845 3204 1568 6617
3270 943 2407 6620
2313 2532 1776 6621
710 3702 2210 6622
799 3012 2813 6624
2398 2632 1598 6628
815 3367 2448 6630
1328 1431 3872 6631
738 3426 2468 6632
299 2922 3412 6633
2877 2954 804 6635
2514 2930 1192 6636
2818 5 3815 6638
2939 552 3149 6640
1890 2930 1823 6643
3845 619 2180 6644
1549 3160 1936 6645
2238 919 3489 6646
392 2771 3484 6647
3842 1609 1198 6649
2961 18 3671 6650
1901 2956 1795 6652
813 2958 2885 6656
1489 2827 2341 6657
3458 2561 639 6658
3298 697 2666 6661
1486 3529 1647 6662
2393 851 3419 6663
1216 2373 3075 6664
1689 1321 3655 6665
3585 1933 1148 6666
995 1800 3873 6668
2039 3713 917 6669
2793 3780 97 6670
2252 1384 3035 6671
3695 1829 1148 6672
1648 1181 3844 6673
1424 3612 1638 6674
2174 1132 3370 6676
1778 1669 3230 6677
3296 153 3229 6678
2660 196 3823 6679
2296 3268 1117 6681
3610 1715 1358 6683
1565 1400 3719 6684
2805 1973 1907 6685
1612 2855 2219 6686
3347 2591 749 6687
2074 3212 1403 6689
1951 3314 1425 6690
2230 1317 3144 6691
3438 2898 356 6692
2137 1294 3265 6696
3312 2110 1276 6698
2631 3787 283 6701
2146 1027 3529 6702
1365 2734 2604 6703
1749 2216 2739 6704
3310 2883 513 6706
2013 896 3799 6708
3895 437 2377 6709
3026 503 3181 6710
1889 2783 2039 6711
3435 229 3049 6713
1594 3099 2022 6715
1698 2772 2248 6718
558 3691 2470 6719
846 2007 3868 6721
2168 3064 1490 6722
2381 1002 3341 6724
2366 3799 561 6726
2701 317 3709 6727
2124 1294 3311 6729
3839 749 2144 6732
2932 3430 373 6735
2109 2943 1684 6736
3058 1255 2424 6737
947 2255 3536 6738
209 3973 2557 6739
2433 2773 1534 6740
503 3723 2515 6741
2758 3914 70 6742
938 1885 3921 6744
3085 2062 1600 6747
2859 147 3743 6749
1182 1831 3737 6750
3175 3095 482 6752
1281 2727 2746 6754
2560 2833 1362 6755
2105 2957 1694 6756
1413 2469 2881 6763
2559 358 3847 6764
3286 311 3168 6765
1238 3616 1912 6766
153 2710 3904 6767
1544 3092 2132 6768
3064 551 3154 6769
2077 1830 2865 6772
3000 2836 937 6773
192 3542 3040 6774
497 3431 2847 6775
1151 2547 3078 6776
3621 2743 414 6778
3962 825 1993 6780
2372 1780 2629 6781
3638 2202 944 6784
22 3545 3220 6787
1626 3492 1671 6789
2913 2401 1476 6790
2026 2864 1904 6794
2767 647 3382 6796
2849 509 3439 6797
3590 1673 1535 6798
2208 2337 2254 6799
2984 239 3577 6800
1599 1266 3936 6801
508 3548 2746 6802
1047 3831 1925 6803
3736 2348 720 6804
783 2680 3342 6805
3735 2473 598 6806
21 2986 3800 6807
2249 3771 788 6808
3918 54 2837 6809
1828 2324 2658 6810
49 3658 3104 6811
3748 1498 1566 6812
86 2845 3886 6817
1340 3288 2190 6818
1147 2609 3063 6819
3966 1634 1220 6820
3573 1118 2130 6821
3003 514 3305 6822
2714 2879 1232 6825
1710 1291 3825 6826
3018 3499 310 6827
2486 3009 1334 6829
2827 1314 2689 6830
2402 1592 2837 6831
2860 1460 2512 6832
1697 2895 2245 6837
1723 1871 3244 6838
1947 1550 3342 6839
2368 1761 2711 6840
3959 589 2295 6843
2882 2955 1009 6846
2753 2322 1772 6847
2621 1169 3058 6848
2063 1369 3417 6849
1004 1986 3860 6850
2859 909 3083 6851
2951 107 3794 6852
1696 1706 3451 6853
2530 1235 3089 6854
3802 760 2293 6855
47 3702 3108 6857
1258 3797 1803 6858
3408 79 3372 6859
2814 2137 1910 6861
1081 2443 3340 6864
3342 550 2974 6866
1148 3036 2686 6870
1752 2625 2495 6872
2591 3252 1032 6875
1887 3529 1461 6877
3528 557 2793 6878
1202 2437 3240 6879
4 2936 3940 6880
3095 1337 2450 6882
3782 1232 1870 6884
3701 1475 1710 6886
702 3269 2918 6889
3646 2554 691 6891
2921 3636 337 6894
2581 2782 1532 6895
1985 2342 2569 6896
340 3988 2570 6898
1587 2570 2742 6899
2589 3922 391 6902
1877 1691 3335 6903
3025 3501 379 6905
3252 2625 1029 6906
1437 2681 2789 6907
1267 3118 2523 6908
3885 417 2607 6909
2519 3762 631 6912
1469 3559 1885 6913
2600 3098 1216 6914
2158 3819 938 6915
3258 2514 1144 6916
2889 3817 211 6917
3607 1449 1862 6918
2081 981 3858 6920
1993 2273 2655 6921
3177 333 3413 6923
2987 3440 500 6927
882 3609 2437 6928
3544 1602 1783 6929
2929 2807 1196 6932
1082 2667 3185 6934
1535 2673 2727 6935
1243 3373 2320 6936
932 3984 2022 6938
1757 2599 2586 6942
3334 2089 1520 6943
1761 2498 2685 6944
3273 31 3644 6948
2968 2801 1181 6950
2579 3113 1259 6951
3604 2098 1251 6953
3553 725 2677 6955
2578 3786 592 6956
3355 72 3530 6957
1091 3473 2397 6961
1236 2998 2728 6962
3072 648 3243 6963
2886 2769 1309 6964
1431 3257 2278 6966
3304 298 3365 6967
3860 990 2118 6968
3500 1293 2176 6969
1656 2833 2481 6970
2714 1105 3152 6971
3067 2609 1296 6972
2930 2434 1610 6974
927 2973 3075 6975
597 2756 3623 6976
2385 1090 3502 6977
1348 2654 2976 6978
3048 2541 1392 6981
1378 3966 1638 6982
3342 3584 58 6984
3916 860 2211 6987
1929 2001 3058 6988
103 3270 3617 6990
350 2679 3964 6993
3548 2447 999 6994
1216 2494 3285 6995
1701 1616 3679 6996
3124 3778 95 6997
1715 2536 2747 6998
1366 1758 3875 6999
3965 551 2484 7000
1064 3893 2044 7001
2923 1496 2583 7002
2903 1221 2879 7003
2844 2320 1840 7004
3140 1389 2478 7007
2789 955 3265 7009
1725 3332 1954 7011
3204 73 3735 7012
3436 3492 85 7013
2687 686 3641 7014
772 3569 2674 7015
540 2643 3833 7016
1020 3686 2311 7017
3880 2010 1128 7018
2258 3517 1245 7020
3910 2279 834 7023
2164 3707 1155 7026
3904 390 2733 7027
997 2917 3115 7029
2560 2481 1991 7032
3097 734 3203 7034
257 2961 3817 7035
1141 3490 2407 7038
3620 3035 385 7040
3986 2977 81 7044
3777 176 3093 7046
1907 2291 2850 7048
3773 885 2391 7049
2354 2036 2660 7050
1778 3785 1488 7051
1560 3620 1872 7052
3571 1104 2378 7053
3282 1500 2276 7058
3238 3725 96 7059
3954 1113 1993 7060
2698 798 3565 7061
1247 3321 2494 7062
2571 1653 2839 7063
3134 3580 350 7064
2397 3014 1656 7067
3996 2528 545 7069
1945 3206 1919 7070
3978 2060 1033 7071
3682 147 3243 7072
557 2859 3657 7073
2511 3984 579 7074
3091 1381 2603 7075
2682 1825 2569 7076
2702 2056 2321 7079
3234 3709 137 7080
3142 565 3376 7083
2353 2480 2253 7086
1363 3242 2482 7087
488 3082 3518 7088
2468 2970 1651 7089
3682 1357 2055 7094
927 3705 2464 7096
2268 3147 1682 7097
903 3003 3192 7098
1437 1781 3882 7100
2297 2831 1973 7101
3717 1817 1569 7103
2936 655 3514 7105
3087 1801 2220 7108
3520 1589 2000 7109
380 2829 3903 7112
2872 287 3954 7113
790 3685 2639 7114
349 3761 3006 7116
3291 1291 2535 7117
3269 2127 1722 7118
3357 75 3687 7119
3930 616 2574 7120
792 3410 2921 7123
717 2916 3491 7124
2613 3767 745 7125
3798 507 2821 7126
879 2960 3288 7127
713 3464 2951 7128
3753 2460 917 7130
3336 2116 1679 7131
1790 2873 2469 7132
2914 1206 3013 7133
3384 1694 2056 7134
981 2272 3882 7135
496 3858 2785 7139
2388 3134 1621 7143
3725 556 2863 7144
1190 2617 3340 7147
2666 1506 2977 7149
2046 2516 2588 7150
2585 1586 2980 7151
3617 3161 374 7152
1978 1579 3596 7153
1014 3272 2868 7154
2071 3987 1098 7156
1116 3172 2869 7157
3264 2814 1082 7160
3012 2659 1490 7161
1860 1525 3778 7163
3618 899 2647 7164
1434 2343 3388 7165
3097 1214 2855 7166
663 3010 3495 7168
3107 553 3514 7174
3455 2395 1327 7177
2987 2612 1579 7178
2107 3825 1247 7179
2379 3858 950 7187
1289 2373 3526 7188
3114 965 3112 7191
953 3266 2973 7192
3424 1416 2353 7193
3106 257 3834 7197
2040 3861 1297 7198
3240 213 3746 7199
2325 1118 3757 7200
1059 3169 2973 7201
1575 1795 3832 7202
3395 3072 737 7204
3414 233 3558 7205
1747 2247 3217 7211
1488 2838 2886 7212
3649 2005 1562 7216
3715 1278 2224 7217
1894 1925 3401 7220
2722 1757 2744 7223
1360 3639 2227 7226
3020 3526 683 7229
2456 1257 3518 7231
3525 2380 1328 7233
1266 2705 3263 7234
3284 474 3477 7235
2415 976 3846 7237
1967 3889 1383 7239
964 3398 2878 7240
1432 2114 3695 7241
3321 1028 2894 7243
1929 2114 3201 7244
2119 2638 2489 7246
2101 1502 3644 7247
1841 1824 3583 7248
2352 1981 2918 7251
3126 1827 2301 7254
3478 2541 1237 7256
3549 1650 2059 7258
875 3628 2756 7259
3359 614 3287 7260
1343 2580 3338 7261
544 3831 2887 7262
2895 1110 3259 7264
3841 580 2845 7266
3266 3837 167 7270
1749 1528 3994 7271
2644 3496 1133 7273
1261 3943 2071 7275
1116 2186 3974 7276
479 3379 3420 7278
2612 1940 2727 7279
2885 1337 3062 7284
3620 156 3510 7286
3022 2530 1735 7287
3383 3318 587 7288
1034 3686 2570 7290
3831 651 2809 7291
3504 2860 929 7293
3613 2535 1146 7294
2193 1759 3343 7295
3041 3358 897 7296
2354 3042 1903 7299
958 3930 2412 7300
3799 2430 1074 7303
2424 3860 1020 7304
3197 1083 3029 7309
3205 207 3898 7310
3264 1871 2178 7313
1848 2866 2601 7315
3873 808 2636 7317
444 3851 3025 7320
2966 508 3847 7321
1186 2994 3143 7323
525 3758 3042 7325
2258 3989 1079 7326
681 3496 3150 7327
1690 2765 2873 7328
3691 2745 893 7329
1611 2847 2873 7331
1303 3649 2381 7333
3382 2091 1861 7334
2662 3183 1490 7335
1573 3063 2700 7336
2155 1419 3763 7337
1975 3811 1552 7338
1537 2192 3611 7340
3478 516 3348 7342
769 2806 3769 7344
2492 3410 1446 7348
3456 3773 121 7350
3964 359 3028 7351
2729 3553 1070 7352
3163 797 3393 7353
3314 1445 2595 7354
1722 3010 2625 7357
2250 2430 2678 7358
1169 2380 3811 7360
2570 1177 3615 7362
2729 3484 1150 7363
144 3844 3376 7364
1439 2176 3750 7365
1278 3153 2935 7366
1999 3780 1588 7367
3218 1118 3032 7368
2165 3004 2200 7369
2160 2944 2267 7371
2835 3300 1238 7373
3384 2499 1491 7374
2588 2923 1865 7376
1187 3066 3125 7378
3578 2272 1529 7379
1549 3933 1900 7382
3708 1601 2075 7384
2859 2569 1961 7389
2857 3792 741 7390
2002 2019 3370 7391
3251 3335 806 7392
1532 3716 2145 7393
2395 2782 2217 7394
2041 2054 3300 7395
3711 1633 2053 7397
3083 1192 3124 7399
3321 1636 2443 7400
2995 2614 1795 7404
3398 3827 180 7405
3578 2990 838 7406
898 3221 3289 7408
2433 2705 2271 7409
472 3928 3010 7410
3741 3619 52 7412
2917 1562 2934 7413
941 3894 2580 7415
1477 3786 2155 7418
2998 3910 511 7419
2527 2106 2787 7420
1781 1827 3813 7421
864 2861 3699 7424
3920 1977 1529 7426
1938 3269 2222 7429
3410 2025 1995 7430
2017 1746 3671 7434
2029 2374 3033 7436
3230 3015 1195 7440
1140 3202 3099 7441
3043 2866 1534 7443
126 3417 3901 7444
2264 1398 3783 7445
2146 2022 3280 7448
2969 1073 3408 7450
2724 1345 3382 7451
3119 864 3469 7452
1825 3188 2440 7453
3771 1194 2489 7454
2051 3229 2175 7455
2670 3540 1248 7458
1001 3086 3372 7459
3645 2803 1012 7460
3057 505 3899 7461
3216 1673 2573 7462
2327 2990 2148 7465
2329 3132 2005 7466
2732 1691 3046 7469
1409 3298 2763 7470
2307 3886 1279 7472
2302 1873 3299 7474
3621 3731 123 7475
447 3866 3164 7477
2964 2122 2392 7478
2229 3261 1990 7480
2080 3211 2191 7482
3486 1797 2200 7483
2789 1402 3294 7485
3615 1910 1962 7487
2378 3721 1390 7489
3119 3469 904 7492
3812 3658 24 7494
3944 2825 728 7497
1262 2845 3393 7500
3660 2181 1660 7501
3637 430 3435 7502
1771 1888 3845 7504
2559 3109 1837 7505
2970 2370 2167 7507
475 3700 3334 7509
2272 1733 3507 7512
2604 3531 1379 7514
2456 1119 3940 7515
3094 3376 1046 7516
2498 2014 3005 7517
2601 2141 2776 7518
2696 3558 1265 7519
2501 1460 3559 7520
3556 27 3938 7521
3325 353 3846 7524
2117 2911 2498 7526
1177 3016 3334 7527
2203 3459 1866 7528
3348 222 3959 7529
2942 1045 3543 7530
315 3869 3349 7533
3354 2929 1252 7535
1936 2519 3081 7536
3246 3755 537 7538
1527 2996 3017 7540
2188 1370 3983 7541
2725 2970 1848 7543
3868 2163 1513 7544
1405 3323 2819 7547
3084 2075 2389 7548
3246 1712 2591 7549
3191 1068 3291 7550
1979 1704 3870 7553
1606 3879 2070 7555
2023 2727 2807 7557
438 3412 3709 7559
2661 1405 3494 7560
2553 2717 2291 7561
1741 2695 3126 7562
2071 2055 3437 7563
206 3704 3655 7565
2105 3086 2375 7566
2386 1407 3775 7568
2174 3046 2350 7570
2229 1800 3542 7571
3505 3424 643 7572
3303 3632 638 7573
3931 989 2657 7577
3299 2073 2206 7578
1680 3749 2150 7579
635 3176 3769 7580
1041 2550 3990 7581
3158 2971 1453 7582
2883 1048 3654 7585
2648 1092 3847 7587
2428 1973 3188 7589
1214 2864 3513 7591
3771 514 3309 7594
3199 739 3659 7597
3453 2214 1932 7599
1725 3385 2490 7600
2356 3973 1275 7604
2578 1584 3444 7606
2878 3074 1655 7607
3403 1235 2970 7608
3310 1244 3056 7610
3406 354 3853 7613
390 3651 3573 7614
1728 2749 3138 7615
3023 2077 2516 7616
1878 1999 3740 7617
685 3775 3160 7620
3292 536 3794 7622
237 3486 3900 7623
1223 2624 3778 7625
1701 3729 2196 7626
3509 2315 1806 7630
2622 2317 2694 7633
1535 2706 3393 7634
3406 636 3593 7635
1275 2846 3516 7637
2267 3128 2243 7638
3509 2910 1220 7639
1824 3032 2784 7640
3084 2230 2331 7645
152 3668 3827 7647
2798 1538 3312 7648
3070 2883 1696 7649
2006 3694 1950 7650
2540 1375 3737 7652
2910 1965 2778 7653
1581 3987 2086 7654
3127 3956 577 7660
1744 3089 2830 7663
2110 2428 3127 7665
3600 3469 597 7666
977 3730 2960 7667
1410 3886 2372 7668
1441 3983 2245 7669
3008 1919 2748 7675
3220 1600 2856 7676
3970 1322 2385 7677
3539 884 3256 7679
3632 1606 2443 7681
3391 1132 3161 7684
3528 487 3672 7687
2942 1971 2775 7688
2185 1748 3757 7690
3265 3923 506 7694
3100 1032 3565 7697
825 3932 2941 7698
1085 2964 3650 7699
3980 3098 622 7700
3018 1184 3500 7702
3099 2436 2168 7703
2817 1256 3633 7706
3776 2288 1643 7707
1267 2851 3590 7708
928 3068 3714 7710
2362 3277 2072 7711
3177 1175 3361 7713
832 3005 3877 7714
2781 3482 1453 7716
3588 1702 2427 7717
3457 489 3773 7719
1868 3739 2114 7721
2028 2908 2787 7723
3061 675 3988 7724
3207 1827 2693 7727
3285 2067 2377 7729
41 3925 3764 7730
3524 756 3451 7731
3233 3144 1355 7732
3845 1620 2269 7734
1358 2805 3572 7735
3161 2098 2479 7738
3036 2508 2196 7740
1335 2761 3646 7742
3051 2450 2242 7743
3642 3884 218 7744
1748 3287 2710 7745
1270 3653 2827 7750
3177 774 3800 7751
2459 2375 2918 7752
3769 3623 362 7754
2717 2899 2139 7755
706 3898 3152 7756
801 3708 3248 7757
2540 1572 3647 7759
3684 3046 1030 7760
586 3815 3360 7761
1607 2170 3985 7762
1486 3044 3233 7763
2464 1994 3307 7765
63 3801 3903 7767
3451 2757 1562 7770
3778 610 3383 7771
3628 1537 2608 7773
2324 1709 3743 7776
2459 1403 3916 7778
3708 3696 377 7781
3414 964 3404 7782
2343 2727 2713 7783
1866 2445 3473 7784
1210 3967 2608 7785
2357 3055 2376 7788
3822 276 3691 7789
2737 1591 3464 7792
3798 430 3565 7793
3716 1351 2732 7799
1932 3325 2545 7802
3769 757 3279 7805
2062 3501 2244 7807
3460 1973 2375 7808
3647 995 3167 7809
2794 2386 2630 7810
679 3739 3396 7814
3240 663 3914 7817
2638 1471 3714 7823
1914 3643 2267 7824
3027 1931 2868 7826
1272 2729 3826 7827
2587 1831 3410 7828
3368 2869 1594 7831
2571 3960 1301 7832
3608 2301 1925 7834
2623 3331 1881 7835
1352 3315 3169 7836
3593 1505 2740 7838
3578 2117 2144 7839
3098 3518 1224 7840
3947 3505 390 7842
3533 3644 668 7845
2343 3093 2411 7847
3534 3510 804 7848
2433 2168 3249 7850
2123 3662 2066 7851
2675 1231 3946 7852
1188 3673 2992 7853
2633 2076 3148 7857
3478 3204 1177 7859
3306 2288 2266 7860
2044 2479 3342 7865
3039 1055 3772 7866
2329 2732 2806 7867
2467 3469 1932 7868
231 3805 3833 7869
2440 3305 2125 7870
3598 1134 3141 7873
3668 324 3882 7874
3416 1888 2573 7877
2330 3013 2536 7879
3023 1051 3808 7882
1479 3770 2636 7885
960 3791 3136 7887
1209 2732 3949 7890
3733 3274 884 7891
3610 2151 2131 7892
3998 2506 1389 7893
3491 660 3746 7897
546 3724 3628 7898
1112 3249 3540 7901
2006 3884 2012 7902
1467 3170 3266 7903
2339 2096 3469 7904
1612 2916 3377 7905
3291 1280 3335 7906
2996 3401 1511 7908
1150 3300 3459 7909
2984 3040 1889 7913
3791 282 3841 7914
895 3544 3476 7915
2287 2058 3571 7916
3215 1891 2811 7917
3402 3653 863 7918
2952 1829 3138 7919
793 3303 3825 7921
2857 1435 3632 7924
2290 2123 3513 7926
1723 3980 2226 7929
1389 3314 3227 7930
3710 2631 1591 7932
3673 1590 2672 7935
511 3501 3924 7936
2055 3375 2509 7939
2902 1517 3525 7944
1842 2180 3924 7946
3746 675 3527 7948
3007 2017 2925 7949
2081 3108 2761 7950
2439 1605 3907 7951
3952 3779 222 7953
2674 1630 3652 7956
347 3874 3736 7957
2089 3078 2793 7960
1194 3403 3365 7962
2085 3313 2571 7969
2386 1810 3780 7976
2794 2352 2832 7978
2745 3343 1892 7980
3101 2597 2284 7982
3780 885 3319 7984
2481 2213 3291 7985
574 3972 3441 7987
3609 1491 2889 7989
882 3626 3482 7990
3746 2104 2143 7993
2922 1816 3259 7997
2841 2336 2821 7998
2196 3487 2317 8000
3615 3541 846 8002
2866 3104 2033 8003
3708 3509 787 8004
1910 3674 2421 8005
2175 1916 3915 8006
3368 2127 2512 8007
3677 3151 1184 8012
3673 1421 2920 8014
1077 3957 2981 8015
3188 3213 1615 8016
3050 1748 3223 8021
1546 2483 3993 8022
3324 3640 1059 8023
780 3349 3896 8025
3988 267 3771 8026
3070 2759 2198 8027
3085 1285 3658 8028
1165 3776 3091 8032
3624 2822 1588 8034
3902 1847 2287 8036
3480 1630 2927 8037
3262 1360 3416 8038
2833 2152 3054 8039
1311 3307 3427 8045
3660 2380 2007 8047
2973 2188 2887 8048
3810 763 3478 8051
1178 3208 3666 8052
2274 2175 3604 8053
3538 1838 2679 8055
1332 3640 3086 8058
2924 2774 2361 8059
2570 3013 2478 8061
3163 2582 2317 8062
1847 2939 3277 8063
3635 1795 2634 8064
1867 2982 3217 8066
2827 3138 2102 8067
3899 3488 681 8068
2044 2990 3040 8074
1725 2890 3460 8075
3155 1726 3195 8076
3170 3535 1372 8077
3967 345 3766 8078
3805 3973 301 8079
2480 3781 1823 8084
2076 2126 3885 8087
2185 3832 2071 8088
3353 1160 3577 8090
3950 2897 1245 8092
1496 3510 3088 8094
3560 3451 1084 8095
3991 2370 1737 8098
2261 3566 2274 8101
3991 1120 2992 8103
1168 3769 3168 8105
3165 2422 2519 8106
2569 2233 3305 8107
3998 3054 1059 8111
925 3970 3217 8112
3448 3984 683 8115
2713 2780 2625 8118
2749 3544 1826 8119
3072 3073 1976 8121
3527 1962 2633 8122
2877 2207 3040 8124
3001 3137 1989 8127
3828 356 3945 8129
3955 198 3977 8130
1897 2540 3695 8132
3449 2237 2450 8136
2340 3803 1997 8140
1668 2854 3619 8141
838 3626 3678 8142
3785 3143 1217 8145
2994 2404 2748 8146
1886 2777 3486 8149
1652 3637 2862 8151
2431 2974 2747 8152
2459 1878 3817 8154
3543 1418 3195 8156
1492 3425 3240 8157
3639 2869 1652 8160
3965 891 3309 8165
3065 3298 1803 8166
2134 3595 2441 8170
2438 1822 3911 8171
3521 2634 2018 8173
1652 3248 3274 8174
3567 2970 1642 8179
1972 2737 3471 8180
3884 450 3847 8181
889 3401 3896 8186
2587 2187 3413 8187
3731 3007 1451 8189
3813 1016 3361 8190
2965 3799 1427 8191
3987 2826 1380 8193
2851 1817 3526 8194
905 3826 3464 8195
2375 2962 2860 8197
3969 3548 681 8198
3337 2760 2102 8199
3591 2693 1916 8200
1515 3052 3634 8201
2164 3110 2929 8203
3026 1544 3635 8205
2651 3287 2269 8207
3995 1849 2364 8208
2806 3064 2342 8212
3646 2300 2269 8215
3655 2853 1709 8217
2994 1427 3801 8222
3189 1966 3069 8224
3888 2393 1944 8225
3140 1666 3420 8226
3206 2226 2795 8227
2449 3719 2060 8228
442 3988 3799 8229
3821 445 3965 8231
3548 1407 3278 8233
1259 3537 3445 8241
3075 3955 1212 8242
3306 3910 1028 8244
2081 3142 3022 8245
801 3865 3580 8246
2706 3645 1900 8251
3323 1341 3589 8253
1830 2825 3599 8254
3418 981 3856 8255
3409 2661 2186 8256
2559 1833 3868 8260
3485 3771 1006 8262
1473 3932 2860 8265
2326 3184 2756 8266
2950 3953 1365 8268
2160 2781 3329 8270
3375 1331 3567 8273
3165 1938 3172 8275
3591 3040 1648 8279
2271 3222 2790 8283
3350 3441 1495 8286
3387 3215 1685 8287
3961 373 3954 8288
3340 3277 1674 8291
936 3873 3486 8295
2853 2462 2982 8297
2940 3036 2322 8298
3321 1275 3703 8299
3539 3697 1066 8302
3448 1059 3798 8305
2834 1677 3796 8307
3650 2046 2612 8308
3247 3697 1365 8309
3524 1485 3301 8310
3646 1723 2942 8311
3751 1855 2707 8313
3804 2199 2313 8316
3511 2681 2126 8318
3744 3474 1103 8321
3172 2379 2772 8323
3806 2919 1600 8325
2939 1516 3872 8327
3239 3868 1221 8328
3736 3931 668 8335
3908 2762 1667 8337
2960 3056 2322 8338
2299 2223 3819 8341
3772 1709 2861 8342
2061 3788 2494 8343
1701 3573 3072 8346
3779 2008 2564 8351
2399 2449 3507 8355
975 3623 3758 8356
3509 3263 1589 8361
2882 2684 2796 8362
3264 2973 2127 8364
3078 2480 2808 8366
3544 1617 3206 8367
2123 3561 2684 8368
2676 3087 2606 8369
3030 2248 3097 8375
3460 1396 3520 8376
2758 2491 3130 8379
953 3978 3449 8380
3763 2639 1980 8382
3662 2524 2198 8384
3967 3268 1150 8385
1573 3568 3245 8386
2457 3322 2609 8388
3096 1782 3511 8389
2184 2594 3612 8390
3226 1856 3309 8391
3276 1372 3745 8393
3489 3854 1051 8394
2222 3387 2787 8396
1927 3160 3310 8397
3702 935 3763 8400
2012 3103 3286 8401
3376 3260 1771 8407
3777 1567 3064 8408
2196 2386 3828 8410
2860 3756 1795 8411
1706 3041 3666 8413
3453 2944 2017 8414
2823 2857 2735 8415
3727 2742 1949 8418
1360 3370 3690 8420
3299 1580 3543 8422
1977 2930 3518 8425
1870 3464 3092 8426
2901 2159 3368 8428
3589 3272 1568 8429
2238 2287 3905 8430
3806 3330 1296 8432
2642 2835 2956 8433
3314 3679 1444 8437
2890 2690 2859 8439
3358 2208 2876 8442
3995 1962 2487 8444
2372 3124 2951 8447
2250 3582 2618 8450
3993 1797 2661 8451
3813 3328 1311 8452
2489 3430 2534 8453
3985 3176 1293 8454
3077 1927 3453 8457
3239 1630 3592 8461
2514 3432 2518 8464
3529 3102 1834 8465
3487 1694 3285 8466
3174 2777 2516 8467
3180 2123 3167 8470
3995 1070 3407 8472
3158 2387 2930 8475
2652 3088 2740 8480
3308 3881 1293 8482
1998 2916 3571 8485
2036 3214 3236 8486
2768 3887 1832 8487
2588 3807 2094 8489
3333 2226 2931 8490
2943 2405 3146 8494
1551 2994 3951 8496
1351 3358 3788 8497
1689 3651 3158 8498
3792 3068 1639 8499
2959 2751 2791 8501
3963 3941 602 8506
2229 3744 2534 8507
1604 3261 3643 8508
1675 3222 3613 8510
2901 2273 3338 8512
3625 3623 1265 8513
2950 2531 3033 8514
1891 2875 3753 8519
2154 2494 3875 8523
1963 3390 3175 8528
1359 3452 3723 8534
3794 3488 1256 8538
1101 3860 3580 8541
3124 1844 3574 8542
2888 3611 2048 8547
3696 1430 3424 8550
3777 3865 911 8553
3403 2894 2260 8557
2399 3383 2782 8564
3284 3070 2211 8565
2989 2656 2927 8572
2913 3835 1825 8573
2077 3583 2915 8575
2576 2455 3545 8576
3889 1657 3033 8579
2409 3586 2585 8580
2886 3089 2606 8581
3800 3819 963 8582
1667 3083 3833 8583
1465 3973 3148 8586
2588 3723 2280 8591
3617 1049 3926 8592
2818 3483 2292 8593
1716 2931 3950 8597
2011 3352 3235 8598
3333 3905 1362 8600
3539 1399 3663 8601
3514 2800 2288 8602
3895 2447 2263 8605
3589 2291 2726 8606
3486 2998 2123 8607
3623 3952 1037 8612
3853 1956 2809 8618
1887 3347 3386 8620
2432 3880 2309 8621
3788 3114 1722 8624
3049 3109 2467 8625
3723 1227 3677 8627
3351 1638 3639 8628
3105 2948 2576 8629
1464 3845 3321 8630
2779 3277 2575 8631
3099 3628 1907 8634
3330 2995 2311 8636
2309 3440 2889 8638
1166 3951 3524 8641
2496 2810 3337 8643
2218 3451 2978 8647
2315 2832 3501 8648
3286 3089 2275 8650
3907 1973 2771 8651
2029 3873 2751 8653
3520 3373 1761 8654
1880 3796 2990 8666
3390 3821 1457 8668
2798 2533 3339 8670
3824 2224 2623 8671
1897 3344 3435 8676
2979 3368 2330 8677
2346 2861 3476 8683
2257 3518 2910 8685
3653 3320 1713 8686
3762 2218 2708 8688
2903 2285 3503 8691
3063 2592 3038 8693
2544 3089 3063 8696
2193 3708 2796 8697
3644 2075 2980 8699
3880 2569 2252 8701
2332 2452 3921 8705
1688 3829 3189 8706
2407 3463 2838 8708
2843 3321 2547 8711
1152 3873 3689 8714
2748 3493 2479 8720
2632 2469 3620 8721
3470 1385 3867 8722
2981 2051 3691 8723
3162 1820 3742 8724
2336 3866 2524 8726
3165 2679 2885 8729
2001 3158 3572 8731
2612 3585 2539 8736
1911 3671 3157 8739
1825 3322 3597 8744
3478 3333 1935 8746
3189 2613 2946 8748
2275 3211 3263 8749
3463 2642 2651 8756
3584 3519 1655 8758
1666 3338 3757 8761
3876 1491 3398 8765
3015 2897 2854 8766
2662 2629 3476 8767
1760 3797 3212 8769
2742 2874 3157 8773
2226 2927 3621 8774
3706 3056 2014 8776
1781 3752 3248 8781
2256 2685 3842 8783
3090 2718 2979 8787
2910 2611 3267 8788
2754 2504 3538 8796
2235 3706 2856 8797
2358 3442 3003 8803
1015 3901 3894 8810
3448 1551 3814 8813
2418 3495 2901 8814
3479 2958 2378 8815
3646 1596 3575 8817
2451 2561 3807 8819
3366 2316 3138 8820
3379 2197 3249 8825
3345 3469 2012 8826
3565 3985 1281 8831
3731 1726 3375 8832
2592 3878 2369 8839
2631 3066 3145 8842
2659 3870 2314 8843
2564 3170 3113 8847
3790 3957 1104 8851
2658 3844 2350 8852
3891 1782 3182 8855
3676 3428 1754 8858
3405 1891 3565 8861
2306 3919 2638 8863
3751 1543 3570 8864
3421 2678 2767 8866
3008 3314 2552 8874
1524 3641 3713 8878
3654 3890 1343 8887
2434 3031 3423 8888
3070 2832 2989 8891
3782 2957 2156 8895
2981 3516 2399 8896
3840 2091 2967 8898
3884 2065 2951 8900
3328 2299 3277 8904
2760 2513 3632 8905
3237 3062 2610 8909
3360 2536 3014 8910
2771 3661 2480 8912
1185 3751 3984 8920
3156 2470 3295 8921
2969 3606 2347 8922
1579 3941 3405 8925
3923 1897 3108 8928
1543 3504 3883 8930
3922 3079 1935 8936
3371 1703 3865 8939
3141 2378 3421 8940
3263 2660 3018 8941
3796 1165 3986 8947
1579 3435 3935 8949
2686 3407 2857 8950
2336 2624 3992 8952
2864 3066 3026 8956
2756 2505 3697 8958
2575 3461 2926 8962
3044 3778 2141 8963
3871 2441 2652 8964
2397 3118 3454 8969
2326 3908 2737 8971
3925 1218 3830 8973
3799 3122 2053 8974
3218 2728 3029 8975
2607 3775 2594 8976
1823 3906 3250 8979
3223 3029 2729 8981
3207 2275 3500 8982
2303 3188 3492 8983
3027 3528 2435 8990
2406 3027 3559 8992
3366 2705 2922 8993
3547 3164 2284 8995
3166 2553 3279 8998
3077 2644 3278 8999
3487 3235 2278 9000
1706 3800 3496 9002
3978 2998 2029 9005
3724 1866 3416 9006
1374 3897 3736 9007
3411 2709 2889 9009
3213 2531 3269 9013
2312 3732 2974 9018
3035 3846 2139 9020
3995 3302 1725 9022
3280 2641 3105 9026
3409 3316 2306 9031
3983 2768 2281 9032
2740 2546 3751 9037
3035 2962 3041 9038
3924 1548 3569 9041
3611 3007 2427 9045
3473 3772 1804 9049
3631 3828 1592 9051
2009 3267 3787 9063
3459 1979 3630 9068
2709 3562 2800 9071
2064 3142 3869 9075
3795 2092 3191 9078
3878 1305 3896 9079
3948 2674 2460 9082
3106 3809 2170 9085
3806 1911 3372 9089
2542 2927 3622 9091
2304 3162 3629 9095
2687 3122 3289 9098
3843 3480 1781 9104
3314 3637 2155 9106
3389 2210 3508 9107
3686 1858 3567 9111
2685 3379 3050 9114
1922 3906 3289 9117
3264 1952 3905 9121
3417 2767 2939 9123
2883 3015 3230 9128
3348 3172 2610 9130
3513 3301 2319 9133
3449 1712 3973 9134
3269 3018 2854 9141
3652 2455 3037 9144
3132 2372 3641 9145
1522 3968 3657 9147
3161 2739 3249 9149
3292 2372 3487 9151
3273 3902 1979 9154
2530 3669 2956 9155
3861 2268 3027 9156
3790 3753 1615 9158
2972 2838 3350 9160
2418 3782 2964 9164
3980 1636 3554 9170
3281 3126 2764 9171
3509 3979 1686 9174
3736 3860 1579 9175
3084 3282 2811 9177
3214 3687 2277 9178
3376 3080 2723 9179
3153 2800 3227 9180
3326 2683 3180 9189
3924 2549 2719 9192
2860 3630 2714 9204
3791 2960 2455 9206
2124 3982 3101 9207
3266 2122 3822 9210
3766 3692 1755 9213
3321 2871 3025 9217
2437 3189 3597 9223
2358 3929 2943 9230
2962 3157 3116 9235
2662 3407 3167 9236
3073 2869 3295 9237
3002 2620 3621 9243
2993 2965 3289 9247
3382 2990 2877 9249
2812 3331 3108 9251
3837 3292 2126 9255
2732 3321 3211 9264
3784 3630 1857 9271
2841 2768 3673 9282
2922 2913 3450 9285
3865 3800 1625 9290
2550 3824 2918 9292
2158 3472 3665 9295
3182 3881 2233 9296
3582 1808 3914 9304
2493 3030 3794 9317
3712 1614 3996 9322
3742 3406 2175 9323
3376 2088 3867 9331
2388 3159 3789 9336
3814 2555 2976 9345
3355 3016 2983 9354
3462 3025 2869 9356
3236 3757 2369 9362
3648 1809 3906 9363
2616 3354 3394 9364
3900 1683 3783 9366
3681 3789 1898 9368
2292 3808 3270 9370
3874 3178 2329 9381
1701 3702 3979 9382
3064 2454 3870 9388
2155 3777 3459 9391
2876 3304 3216 9396
2609 2911 3879 9399
2030 3619 3751 9400
3916 2378 3109 9403
3930 3219 2261 9410
3787 1656 3969 9412
3529 2435 3453 9417
3862 3582 1976 9420
3288 3712 2421 9421
1578 3936 3908 9422
3436 2189 3809 9434
2728 3923 2790 9441
2825 3331 3288 9444
2182 3977 3286 9445
2358 3628 3465 9451
3033 3689 2731 9453
3397 3460 2598 9455
2700 3665 3092 9457
3747 3837 1876 9460
3873 3887 1712 9472
3220 2924 3332 9476
2780 2923 3775 9478
3860 2239 3380 9479
3134 2898 3448 9480
3966 1863 3658 9487
3106 2613 3771 9490
3620 2263 3613 9496
2768 3382 3350 9500
3945 2890 2666 9501
2071 3478 3955 9504
3197 3854 2458 9509
3693 1834 3985 9512
3252 3340 2928 9520
3734 2399 3388 9521
3477 2414 3632 9523
2345 3375 3816 9536
2790 3794 2957 9541
3457 3150 2941 9548
3730 2185 3643 9558
3768 1931 3862 9561
2665 3807 3090 9562
3115 3757 2691 9563
3057 2940 3567 9564
2530 3340 3697 9567
3297 2286 3995 9578
3934 3007 2649 9590
2850 3440 3308 9598
3614 2573 3412 9599
2769 3041 3796 9606
3479 2985 3143 9607
3240 2552 3817 9609
2722 3017 3875 9614
3000 3596 3022 9618
1972 3684 3963 9619
3287 3995 2339 9621
2554 3741 3329 9624
2324 3669 3636 9629
3548 2484 3598 9630
3584 3571 2476 9631
3698 3854 2081 9633
3671 2118 3848 9637
3517 2979 3162 9658
2213 3690 3758 9661
3840 2968 2854 9662
3277 3084 3302 9663
3419 2671 3576 9666
1857 3973 3840 9670
3288 3225 3159 9672
3790 2438 3446 9674
2563 3581 3540 9684
2789 3607 3293 9689
3892 3575 2225 9692
3104 3619 2970 9693
3621 3629 2444 9694
3357 3806 2537 9700
1894 3946 3870 9710
3411 3900 2400 9711
2642 3774 3296 9712
3522 3523 2674 9719
3186 2881 3655 9722
3811 3800 2112 9723
2915 3490 3322 9727
3121 3969 2650 9740
3206 2553 3982 9741
2999 2811 3935 9745
2300 3464 3988 9752
3455 3623 2685 9763
3565 3983 2216 9764
3382 2968 3417 9767
3521 3758 2496 9775
3292 3769 2716 9777
2693 3971 3116 9780
2913 3959 2910 9782
3343 2593 3847 9783
3346 3736 2705 9787
3911 3370 2512 9793
2313 3627 3864 9804
3966 2105 3749 9820
3374 2884 3564 9822
3703 3007 3119 9829
3971 2787 3074 9832
3381 2534 3938 9853
3416 3852 2609 9877
3750 3181 2956 9887
2049 3966 3879 9894
3997 2119 3779 9895
3637 3181 3086 9904
2224 3822 3861 9907
3915 3008 2989 9912
3964 3393 2557 9914
