33 262 86 381 762
46 286 50 382 764
21 166 338 525 1050
9 219 403 631 1262
131 17 502 650 1300
537 115 51 703 1406
1 648 83 732 1464
268 467 40 775 1550
384 195 223 802 1604
115 634 74 823 1646
741 103 72 916 1832
440 181 332 953 1906
217 281 532 1030 2060
642 128 262 1032 2064
354 72 642 1068 2136
390 266 416 1072 2144
435 69 584 1088 2176
491 315 335 1141 2282
197 903 42 1142 2284
850 274 29 1153 2306
402 353 410 1165 2330
586 298 299 1183 2366
372 281 532 1185 2370
372 799 31 1202 2404
922 282 1 1205 2410
477 641 98 1216 2432
746 490 15 1251 2502
9 983 279 1271 2542
448 52 783 1283 2566
415 704 200 1319 2638
569 198 579 1346 2692
587 503 288 1378 2756
827 210 351 1388 2776
430 731 240 1401 2802
263 460 680 1403 2806
778 21 605 1404 2808
842 530 39 1411 2822
856 305 257 1418 2836
351 717 374 1442 2884
26 556 866 1448 2896
626 209 636 1471 2942
638 413 427 1478 2956
822 557 129 1508 3016
218 779 514 1511 3022
193 997 324 1514 3028
247 675 598 1520 3040
776 456 308 1540 3080
906 95 541 1542 3084
854 613 81 1548 3096
487 345 718 1550 3100
739 777 78 1594 3188
562 292 745 1599 3198
690 559 367 1616 3232
396 280 946 1622 3244
727 364 535 1626 3252
749 723 157 1629 3258
136 826 679 1641 3282
869 361 423 1653 3306
655 322 693 1670 3340
333 491 851 1675 3350
874 643 183 1700 3400
388 794 535 1717 3434
572 717 441 1730 3460
177 803 756 1736 3472
286 475 980 1741 3482
339 865 545 1749 3498
821 874 60 1755 3510
897 706 180 1783 3566
937 459 388 1784 3568
460 347 978 1785 3570
476 867 450 1793 3586
802 396 608 1806 3612
244 893 709 1846 3692
711 497 646 1854 3708
761 269 852 1882 3764
500 637 755 1892 3784
865 269 791 1925 3850
839 720 411 1970 3940
566 791 620 1977 3954
961 713 342 2016 4032
670 444 960 2074 4148
946 477 657 2080 4160
594 939 567 2100 4200
483 921 726 2130 4260
540 783 811 2134 4268
857 335 968 2160 4320
984 816 375 2175 4350
774 428 974 2176 4352
888 941 355 2184 4368
754 566 917 2237 4474
381 882 980 2243 4486
529 797 922 2248 4496
767 927 557 2251 4502
982 929 354 2265 4530
560 880 881 2321 4642
958 812 569 2339 4678
649 892 801 2342 4684
547 934 865 2346 4692
762 790 797 2349 4698
804 755 910 2469 4938
0.00036787986755371094 seconds