15 38 101 154
134 31 0 165
176 7 52 235
135 24 107 266
4 145 144 293
136 58 127 321
265 20 39 324
28 24 277 329
38 165 132 335
165 0 181 346
283 41 34 358
12 287 83 382
215 147 49 411
73 205 142 420
39 305 78 422
113 316 5 434
149 137 152 438
61 267 112 440
100 287 58 445
143 220 85 448
107 258 85 450
155 0 301 456
188 77 199 464
172 178 117 467
394 48 28 470
340 53 79 472
252 50 176 478
253 16 212 481
212 30 258 500
280 33 188 501
480 17 14 511
196 319 1 516
280 130 122 532
78 444 11 533
13 504 18 535
97 254 190 541
128 374 41 543
292 120 135 547
99 359 90 548
321 123 107 551
88 277 189 554
119 254 188 561
345 157 60 562
275 121 167 563
85 87 394 566
147 381 40 568
118 112 340 570
112 446 13 571
77 396 99 572
65 483 33 581
116 426 42 584
75 463 48 586
2 18 569 589
248 274 72 594
191 349 55 595
133 284 179 596
238 351 15 604
221 269 119 609
506 31 75 612
40 161 413 614
340 69 215 624
365 172 95 632
8 468 160 636
83 549 10 642
450 123 70 643
347 21 278 646
509 66 74 649
214 413 23 650
257 121 276 654
14 78 564 656
52 39 569 660
11 401 251 663
284 87 294 665
563 38 65 666
148 134 385 667
346 14 311 671
321 163 189 673
374 37 263 674
92 99 484 675
381 152 143 676
211 209 258 678
358 190 133 681
78 552 53 683
72 598 14 684
39 496 150 685
226 250 214 690
653 37 14 704
542 26 147 715
429 114 174 717
34 581 103 718
190 27 506 723
115 334 275 724
296 260 169 725
140 405 188 733
85 82 571 738
32 238 480 750
26 213 512 751
337 21 395 753
52 590 116 758
245 446 70 761
120 465 180 765
388 34 344 766
105 440 227 772
267 342 164 773
366 196 215 777
131 123 525 779
191 419 171 781
484 240 61 785
148 481 158 787
365 13 414 792
435 141 217 793
286 263 255 804
324 59 427 810
30 203 580 813
467 113 235 815
213 367 236 816
178 351 291 820
305 71 449 825
41 715 70 826
178 220 429 827
104 413 312 829
221 519 90 830
50 417 364 831
433 93 306 832
282 327 226 835
364 263 209 836
495 33 309 837
100 258 482 840
593 152 96 841
574 67 202 843
25 640 187 852
78 539 237 854
7 634 216 857
142 668 48 858
207 336 317 860
41 16 804 861
78 519 267 864
199 265 401 865
116 379 372 867
126 738 5 869
20 548 303 871
658 71 150 879
239 195 446 880
227 217 437 881
230 624 28 882
689 185 9 883
665 94 126 885
92 291 503 886
163 538 186 887
486 72 331 889
568 314 9 891
257 195 440 892
630 254 11 895
184 135 577 896
510 2 385 897
62 516 321 899
635 218 47 900
57 192 652 901
87 694 121 902
487 330 86 903
707 75 123 905
19 383 505 907
741 155 12 908
585 28 296 909
76 768 66 910
319 144 448 911
241 469 204 914
30 108 777 915
367 213 336 916
212 253 452 917
416 343 159 918
72 194 653 919
737 88 95 920
439 387 97 923
68 844 12 924
546 274 106 926
725 149 55 929
430 325 177 932
620 200 113 933
56 512 366 934
52 667 216 935
128 123 686 937
480 133 325 938
739 75 137 951
116 501 336 953
38 651 266 955
196 293 469 958
780 122 58 960
9 83 871 963
455 355 154 964
90 347 529 966
423 5 539 967
60 307 601 968
421 61 487 969
727 159 88 974
515 242 219 976
144 21 813 978
491 463 25 979
395 138 447 980
474 112 401 987
279 414 295 988
174 152 667 993
435 542 17 994
178 186 632 996
622 219 156 997
370 157 474 1001
91 819 94 1004
154 239 613 1006
97 862 49 1008
156 629 225 1010
144 513 355 1012
206 741 67 1014
125 796 94 1015
307 334 379 1020
298 259 468 1025
319 635 73 1027
514 219 296 1029
196 832 2 1030
495 425 111 1031
169 8 855 1032
263 353 417 1033
187 5 848 1040
266 149 626 1041
376 489 177 1042
111 684 249 1044
132 445 468 1045
370 529 148 1047
148 316 584 1048
56 963 30 1049
419 115 516 1050
442 95 514 1051
13 408 631 1052
671 119 263 1053
135 342 577 1054
840 146 69 1055
108 217 735 1060
157 179 727 1063
99 308 658 1065
578 58 430 1066
472 174 423 1069
21 788 261 1070
907 47 117 1071
197 572 303 1072
270 234 569 1073
609 379 86 1074
729 129 217 1075
678 2 398 1078
452 26 604 1082
149 31 904 1084
175 780 131 1086
173 411 503 1087
286 125 680 1091
210 411 472 1093
693 210 191 1094
688 244 163 1095
288 292 518 1098
466 274 359 1099
631 259 210 1100
353 682 66 1101
117 98 888 1103
490 310 304 1104
313 621 174 1108
28 255 827 1110
251 426 434 1111
267 197 648 1112
223 187 704 1114
37 227 851 1115
386 153 577 1116
302 75 741 1118
159 303 657 1119
674 178 269 1121
173 112 837 1122
389 637 100 1126
710 165 256 1131
670 448 14 1132
431 187 517 1135
394 657 87 1138
377 257 505 1139
124 721 295 1140
684 283 175 1142
287 663 194 1144
754 277 114 1145
689 164 293 1146
113 590 446 1149
733 357 60 1150
43 936 172 1151
365 59 729 1153
690 328 136 1154
801 272 82 1155
119 547 491 1157
181 851 126 1158
762 93 304 1159
180 498 482 1160
242 34 886 1162
637 292 234 1163
543 288 333 1164
810 9 347 1166
285 277 606 1168
682 235 255 1172
217 527 429 1173
763 278 133 1174
372 729 74 1175
165 793 218 1176
444 535 199 1178
177 893 110 1180
660 392 131 1183
254 156 776 1186
562 610 15 1187
678 21 489 1188
43 764 382 1189
47 450 693 1190
234 276 681 1191
312 459 421 1192
352 307 534 1193
631 179 384 1194
373 741 81 1195
222 305 670 1197
837 198 165 1200
184 465 552 1201
486 467 249 1202
653 126 424 1203
286 273 645 1204
456 483 266 1205
845 244 117 1206
509 238 460 1207
715 360 133 1208
995 54 160 1209
295 495 420 1210
194 205 812 1211
409 571 233 1213
126 469 619 1214
237 629 349 1215
476 279 461 1216
280 911 26 1217
760 361 97 1218
504 511 204 1219
439 569 212 1220
62 645 514 1221
230 280 714 1224
41 492 692 1225
620 349 258 1227
533 265 430 1228
244 845 140 1229
227 393 612 1232
316 452 465 1233
820 118 296 1234
82 627 526 1235
454 490 293 1237
247 503 488 1238
214 351 674 1239
421 678 141 1240
148 644 449 1241
177 393 672 1242
294 646 304 1244
598 569 79 1246
282 722 244 1248
851 255 143 1249
855 108 288 1251
369 312 573 1254
567 493 196 1256
118 179 961 1258
412 63 787 1262
939 190 135 1264
369 130 766 1265
516 355 395 1266
525 399 345 1269
258 310 703 1271
778 43 455 1276
144 861 274 1279
348 218 715 1281
60 614 609 1283
267 429 588 1284
581 201 503 1285
439 570 277 1286
319 511 457 1287
405 353 530 1288
129 345 816 1290
312 852 128 1292
501 72 721 1294
499 113 683 1295
355 762 179 1296
893 61 343 1297
31 596 672 1299
720 350 231 1301
505 13 784 1302
160 258 889 1307
861 56 392 1309
554 141 616 1311
487 229 596 1312
254 379 682 1315
102 467 747 1316
336 838 143 1317
119 637 562 1318
219 224 876 1319
7 320 993 1320
310 392 619 1321
425 185 713 1323
110 224 990 1324
49 984 292 1325
227 776 323 1326
892 150 285 1327
748 367 213 1328
850 267 214 1331
270 195 868 1333
897 294 144 1335
283 100 953 1336
725 430 182 1337
870 140 328 1338
763 25 551 1339
694 594 52 1340
94 799 448 1341
774 376 192 1342
114 483 749 1346
151 907 289 1347
340 336 672 1348
689 85 575 1349
264 720 366 1350
235 680 436 1351
572 86 694 1352
495 306 552 1353
670 674 10 1354
406 280 669 1355
201 685 470 1356
749 93 515 1357
338 930 90 1358
153 259 947 1359
542 119 699 1360
54 529 779 1362
721 171 474 1366
269 246 852 1367
295 571 502 1368
173 466 730 1369
81 967 322 1370
409 684 278 1371
150 645 577 1372
902 240 231 1373
270 382 722 1374
753 511 111 1375
494 272 611 1377
566 447 365 1378
652 119 608 1379
656 469 255 1380
961 384 36 1381
755 338 289 1382
794 464 125 1383
729 184 472 1385
353 105 928 1386
739 63 585 1387
179 830 379 1388
752 66 571 1389
705 96 590 1391
749 444 199 1392
856 430 107 1393
97 892 405 1394
848 354 193 1395
67 343 987 1397
88 618 692 1398
909 392 99 1400
248 843 310 1401
473 650 279 1402
304 280 820 1404
578 509 320 1407
0 598 810 1408
602 636 171 1409
666 411 333 1410
363 223 826 1412
832 56 525 1413
774 391 249 1414
253 421 742 1416
894 129 394 1417
740 177 503 1420
339 652 430 1421
435 257 730 1422
666 544 213 1423
773 594 57 1424
597 406 422 1425
610 324 492 1426
91 563 773 1427
225 407 800 1432
775 228 430 1433
424 729 281 1434
421 488 526 1435
162 740 535 1437
344 960 134 1438
508 398 533 1439
719 208 513 1440
622 249 570 1441
822 620 1 1443
419 520 506 1445
561 783 102 1446
931 203 313 1447
505 487 459 1451
14 535 904 1453
82 581 791 1454
627 517 312 1456
869 300 288 1457
37 987 435 1459
514 11 937 1462
517 378 568 1463
698 293 477 1468
183 667 619 1469
651 760 59 1470
200 732 539 1471
506 744 222 1472
357 308 808 1473
842 60 574 1476
305 479 693 1477
242 760 476 1478
526 750 203 1479
724 556 200 1480
243 369 869 1481
867 293 322 1482
246 251 986 1483
423 212 849 1484
364 514 607 1485
545 150 791 1486
453 217 818 1488
885 337 267 1489
383 748 360 1491
971 437 84 1492
919 440 134 1493
292 992 211 1495
456 304 736 1496
682 425 390 1497
529 254 716 1499
677 101 725 1503
494 379 632 1505
454 579 474 1507
406 267 836 1509
454 534 523 1511
139 661 712 1512
196 569 748 1513
811 252 451 1514
91 593 832 1516
736 212 569 1517
394 751 375 1520
155 386 983 1524
142 903 480 1525
391 781 354 1526
823 234 472 1529
138 928 465 1531
989 178 365 1532
920 111 503 1534
742 676 117 1535
389 498 649 1536
33 600 904 1537
399 862 277 1538
399 886 254 1539
785 220 535 1540
736 360 445 1541
317 951 274 1542
718 339 486 1543
355 607 582 1544
473 294 778 1545
912 503 131 1546
680 152 715 1547
660 884 4 1548
126 553 870 1549
500 616 436 1552
996 120 439 1555
211 412 935 1558
935 130 495 1560
611 249 702 1562
241 892 431 1564
337 557 671 1565
762 7 798 1567
604 334 630 1568
197 850 523 1570
46 762 765 1573
389 599 588 1576
760 150 670 1580
280 354 949 1583
633 649 302 1584
113 509 963 1585
214 464 908 1586
889 423 275 1587
625 300 663 1588
55 951 587 1593
544 317 736 1597
396 935 268 1599
745 212 643 1600
281 915 406 1602
765 555 283 1603
284 757 563 1604
859 584 163 1606
196 526 885 1607
999 298 311 1608
134 856 621 1611
167 550 895 1612
369 878 366 1613
388 902 324 1614
50 742 823 1615
646 24 947 1617
730 277 611 1618
987 525 108 1620
241 862 519 1622
633 250 740 1623
200 494 933 1627
305 956 367 1628
846 387 396 1629
663 188 779 1630
586 532 513 1631
936 537 161 1634
369 437 829 1635
170 876 590 1636
801 474 362 1637
265 638 735 1638
980 256 405 1641
707 282 653 1642
411 513 720 1644
916 481 248 1645
388 915 344 1647
813 430 407 1650
757 590 304 1651
511 438 703 1652
370 850 433 1653
605 468 581 1654
721 277 657 1655
533 642 481 1656
816 484 357 1657
835 8 815 1658
702 927 30 1659
669 425 566 1660
944 588 130 1662
387 293 985 1665
157 741 768 1666
942 29 696 1667
329 764 577 1670
431 866 375 1672
765 767 141 1673
635 122 917 1674
823 715 137 1675
432 519 725 1676
218 892 567 1677
422 991 265 1678
610 883 186 1679
115 798 769 1682
337 924 422 1683
430 899 355 1684
771 167 747 1685
915 224 548 1687
473 979 236 1688
337 652 701 1690
765 836 90 1691
789 761 143 1693
851 251 595 1697
696 443 560 1699
831 732 137 1700
328 573 802 1703
104 649 954 1707
685 461 562 1708
684 579 449 1712
793 583 337 1713
788 409 517 1714
224 689 803 1716
498 223 996 1717
940 712 68 1720
788 438 495 1721
821 795 106 1722
861 212 651 1724
64 978 683 1725
592 186 948 1726
814 26 887 1727
959 137 632 1728
318 536 876 1730
683 416 633 1732
779 943 11 1733
563 398 774 1735
284 483 970 1737
189 554 996 1739
201 766 773 1740
414 407 920 1741
677 749 317 1743
580 967 197 1744
323 943 479 1745
810 577 359 1746
875 818 54 1747
966 476 308 1750
626 350 775 1751
291 853 608 1752
71 798 885 1754
630 563 562 1755
435 402 920 1757
470 795 495 1760
837 421 503 1761
355 794 613 1762
734 175 854 1763
146 766 852 1764
395 463 908 1766
682 886 199 1767
552 629 587 1768
958 457 354 1769
32 860 880 1772
993 319 461 1773
948 336 490 1774
803 372 600 1775
256 985 535 1776
933 495 349 1777
709 560 511 1780
728 191 864 1783
497 991 296 1784
66 763 957 1786
996 509 283 1788
708 844 237 1789
949 711 132 1792
681 718 394 1793
489 652 653 1794
705 368 722 1795
724 742 332 1798
544 922 333 1799
580 468 752 1800
541 533 730 1804
763 292 751 1806
851 468 489 1808
436 479 898 1813
704 694 417 1815
904 836 76 1816
132 767 918 1817
734 650 434 1818
597 544 678 1819
780 372 669 1821
480 468 874 1822
257 767 799 1823
956 49 822 1827
874 313 642 1829
577 415 838 1830
499 680 652 1831
909 388 536 1833
174 943 719 1836
421 541 881 1843
712 961 171 1844
782 946 117 1845
538 637 671 1846
898 634 316 1848
491 433 925 1849
656 315 879 1850
657 407 788 1852
206 792 855 1853
512 888 454 1854
316 741 804 1861
978 86 799 1863
496 725 643 1864
600 504 761 1865
833 589 445 1867
642 806 420 1868
485 504 880 1869
979 271 620 1870
569 519 783 1871
724 636 512 1872
931 638 306 1875
506 838 532 1876
182 870 825 1877
569 349 964 1882
619 560 704 1883
473 645 767 1885
159 866 861 1886
809 849 229 1887
442 488 958 1888
217 944 728 1889
884 570 436 1890
743 959 189 1891
252 766 874 1892
87 983 823 1893
321 600 973 1894
4 990 901 1895
850 252 795 1897
668 413 821 1902
479 821 603 1903
328 818 758 1904
974 204 727 1905
349 580 977 1906
278 729 900 1907
570 820 518 1908
118 939 852 1909
563 488 860 1911
789 429 694 1912
715 691 508 1914
646 799 471 1916
556 856 505 1917
553 648 718 1919
232 751 939 1922
959 431 534 1924
745 788 392 1925
286 728 912 1926
752 815 361 1928
950 957 24 1931
848 847 239 1934
344 755 836 1935
109 866 962 1937
604 400 937 1941
503 698 741 1942
711 565 669 1945
440 980 526 1946
327 924 696 1947
635 663 651 1949
926 426 598 1950
511 954 489 1954
830 475 650 1955
990 683 283 1956
447 674 836 1957
455 665 839 1959
812 313 835 1960
222 894 845 1961
300 838 824 1962
458 863 645 1966
825 475 667 1967
651 662 656 1969
642 388 941 1971
974 594 404 1972
717 529 727 1973
402 581 994 1977
562 865 551 1978
805 781 393 1979
755 830 396 1981
942 814 226 1982
928 200 858 1986
293 821 873 1987
293 716 979 1988
555 450 984 1989
288 704 998 1990
872 420 700 1992
695 796 503 1994
682 706 608 1996
817 489 691 1997
755 992 253 2000
927 606 471 2004
674 848 484 2006
127 960 921 2008
829 572 609 2010
853 204 954 2011
748 287 977 2012
777 476 760 2013
713 883 421 2017
935 236 849 2020
577 795 652 2024
611 741 679 2031
938 561 533 2032
846 790 397 2033
559 854 622 2035
980 136 922 2038
971 239 831 2041
399 915 732 2046
564 765 724 2053
166 897 991 2054
806 798 451 2055
805 400 851 2056
951 974 133 2058
640 429 994 2063
525 586 953 2064
639 958 469 2066
642 786 640 2068
487 590 992 2069
872 385 815 2072
885 893 295 2073
402 929 746 2077
539 641 898 2078
797 510 775 2082
659 558 866 2083
776 557 752 2085
691 619 776 2086
558 982 547 2087
363 966 763 2092
757 588 753 2098
955 868 277 2100
854 331 916 2101
822 771 510 2103
635 718 751 2104
637 775 698 2110
292 860 963 2115
355 992 770 2117
767 389 962 2118
779 446 894 2119
278 948 895 2121
267 906 950 2123
843 532 753 2128
420 916 796 2132
491 797 850 2138
761 717 663 2141
838 760 546 2144
644 864 641 2149
965 319 867 2151
850 591 713 2154
851 981 323 2155
855 886 415 2156
787 616 760 2163
806 404 955 2165
956 554 657 2167
571 686 911 2168
785 430 954 2169
635 934 604 2173
774 752 648 2174
353 867 957 2177
847 465 867 2179
660 764 760 2184
738 506 943 2187
859 944 385 2188
443 977 769 2189
659 558 977 2194
659 805 733 2197
530 798 876 2204
900 736 570 2206
401 957 850 2208
630 832 748 2210
431 825 962 2218
571 935 713 2219
928 988 312 2228
775 620 837 2232
496 877 861 2234
726 784 725 2235
946 703 588 2237
386 936 919 2241
949 636 657 2242
389 873 982 2244
522 733 996 2251
910 791 551 2252
866 471 918 2255
424 930 903 2257
412 989 857 2258
842 511 906 2259
721 887 652 2260
699 934 637 2270
725 988 568 2281
937 837 510 2284
627 718 945 2290
624 922 747 2293
935 488 872 2295
380 971 952 2303
977 579 748 2304
776 973 556 2305
664 973 677 2314
847 806 662 2315
748 671 901 2320
692 660 970 2322
582 779 972 2333
939 433 964 2336
925 655 758 2338
998 770 574 2342
397 959 990 2346
815 852 682 2349
888 683 785 2356
999 633 727 2359
898 497 965 2360
966 401 994 2361
781 926 658 2365
860 570 941 2371
995 546 832 2373
640 882 852 2374
543 889 944 2376
775 611 993 2379
762 802 831 2395
810 813 783 2406
901 928 579 2408
613 999 799 2411
735 740 937 2412
619 902 892 2413
973 730 713 2416
822 996 600 2418
955 780 690 2425
992 537 897 2426
549 987 892 2428
724 942 763 2429
996 969 468 2433
897 915 624 2436
889 931 621 2441
558 937 947 2442
970 962 511 2443
779 752 913 2444
912 736 804 2452
666 922 877 2465
778 782 910 2470
611 914 950 2475
948 928 606 2482
995 631 869 2495
820 743 936 2499
691 882 928 2501
776 852 878 2506
659 940 919 2518
848 800 871 2519
761 968 797 2526
866 688 977 2531
787 996 750 2533
796 763 987 2546
891 872 827 2590
937 822 854 2613
907 955 774 2636
859 815 997 2671
916 765 994 2675
878 823 986 2687
908 887 894 2689
959 976 767 2702
961 833 915 2709
993 984 752 2729
984 901 859 2744
824 930 992 2746
983 921 860 2764
796 986 995 2777
901 955 930 2786
986 917 920 2823
977 935 953 2865
969 993 983 2945
0.04929614067077637 seconds