50 63 68 181
138 124 290 552
78 73 467 618
80 245 354 679
158 132 426 716
639 158 5 802
776 37 12 825
664 160 17 841
96 740 50 886
289 199 436 924
476 109 383 968
516 266 200 982
435 209 342 986
337 361 310 1008
25 766 229 1020
637 275 134 1046
649 283 115 1047
194 720 135 1049
47 716 289 1052
749 54 255 1058
106 644 309 1059
902 149 104 1155
605 305 263 1173
330 332 559 1221
191 470 562 1223
649 376 221 1246
197 260 803 1260
27 885 357 1269
742 410 127 1279
720 79 490 1289
195 6 1106 1307
177 671 468 1316
378 631 311 1320
341 137 860 1338
444 348 570 1362
429 386 562 1377
17 1188 178 1383
304 146 946 1396
216 708 529 1453
168 538 766 1472
935 386 175 1496
921 21 564 1506
1038 382 96 1516
186 572 760 1518
537 499 491 1527
145 1188 205 1538
59 692 789 1540
234 30 1278 1542
58 545 962 1565
428 99 1048 1575
753 60 765 1578
289 620 688 1597
948 197 455 1600
977 90 563 1630
935 491 211 1637
1509 50 88 1647
458 308 905 1671
961 198 527 1686
501 1108 87 1696
328 179 1192 1699
679 484 540 1703
1049 499 168 1716
640 72 1016 1728
522 780 428 1730
1509 64 159 1732
1161 53 522 1736
646 706 391 1743
1016 643 95 1754
1066 329 361 1756
126 549 1083 1758
93 288 1379 1760
822 218 741 1781
649 85 1048 1782
83 1473 231 1787
635 1067 112 1814
835 944 57 1836
608 508 724 1840
249 531 1067 1847
782 915 162 1859
403 931 527 1861
657 1076 131 1864
651 1173 48 1872
405 822 660 1887
272 1077 551 1900
1434 451 31 1916
1098 626 196 1920
472 67 1382 1921
1027 601 306 1934
540 763 635 1938
1065 779 97 1941
689 796 459 1944
501 361 1100 1962
1066 485 418 1969
712 321 939 1972
216 1670 89 1975
1279 703 8 1990
159 808 1025 1992
1590 221 182 1993
416 1284 297 1997
1452 491 57 2000
165 1396 441 2002
271 575 1169 2015
929 530 559 2018
276 1553 192 2021
587 363 1079 2029
1565 89 383 2037
778 504 769 2051
546 351 1182 2079
524 827 731 2082
1114 599 370 2083
768 277 1042 2087
1808 114 169 2091
1347 81 664 2092
110 1200 787 2097
1114 247 737 2098
117 1161 823 2101
501 1044 558 2103
1010 122 973 2105
52 1923 131 2106
1550 544 21 2115
438 1402 278 2118
408 293 1420 2121
1042 354 728 2124
366 806 955 2127
218 1738 174 2130
692 460 983 2135
84 1627 429 2140
714 1164 272 2150
1404 236 511 2151
628 361 1166 2155
942 889 327 2158
1709 30 421 2160
784 1339 46 2169
619 1560 2 2181
698 1070 422 2190
1278 145 780 2203
1286 777 145 2208
1244 260 705 2209
1742 315 164 2221
292 1008 922 2222
35 837 1353 2225
804 678 755 2237
647 1579 12 2238
1078 333 829 2240
875 1201 167 2243
227 214 1805 2246
890 193 1166 2249
196 1412 643 2251
1481 603 172 2256
2 220 2035 2257
29 1750 481 2260
1311 69 889 2269
232 806 1232 2270
525 285 1463 2273
753 1029 497 2279
914 352 1014 2280
111 558 1612 2281
963 680 639 2282
1229 743 312 2284
716 832 741 2289
553 1424 317 2294
805 640 850 2295
278 1 2019 2298
1469 89 744 2302
1257 209 838 2304
221 484 1600 2305
128 970 1208 2306
326 1913 70 2309
370 1934 6 2310
652 370 1299 2321
1266 234 825 2325
2101 147 78 2326
539 1447 343 2329
171 962 1197 2330
921 550 861 2332
1513 235 587 2335
74 279 1995 2348
1926 16 408 2350
621 1456 276 2353
1235 335 784 2354
621 853 883 2357
123 2193 46 2362
248 929 1186 2363
631 730 1003 2364
821 963 584 2368
880 530 959 2369
1602 168 603 2373
779 920 677 2376
1222 564 593 2379
1019 1341 24 2384
1719 37 642 2398
79 1004 1320 2403
946 415 1043 2404
2183 202 24 2409
327 494 1591 2412
236 1971 206 2413
261 734 1434 2429
110 1358 966 2434
909 1401 133 2443
756 293 1398 2447
1723 386 340 2449
825 169 1463 2457
60 316 2085 2461
307 61 2094 2462
1724 393 351 2468
170 1411 888 2469
117 1710 643 2470
990 380 1102 2472
422 1613 447 2482
329 1425 732 2486
1418 1066 4 2488
1614 613 262 2489
206 385 1901 2492
1024 932 537 2493
760 1458 276 2494
199 737 1559 2495
325 1927 245 2497
1394 347 760 2501
19 920 1568 2507
375 275 1863 2513
887 1515 115 2517
1321 271 931 2523
1281 588 656 2525
105 585 1836 2526
32 585 1912 2529
574 1130 826 2530
525 204 1802 2531
1951 423 158 2532
890 492 1151 2533
306 1436 794 2536
1301 1219 18 2538
1917 229 393 2539
782 1634 126 2542
717 1770 67 2554
1020 850 686 2556
883 246 1438 2567
966 347 1258 2571
845 224 1512 2581
1522 485 578 2585
1541 75 970 2586
907 600 1084 2591
627 1548 417 2592
52 957 1587 2596
411 2176 10 2597
1675 95 831 2601
656 778 1170 2604
586 209 1814 2609
1166 41 1405 2612
721 691 1202 2614
819 124 1679 2622
820 504 1309 2633
1353 514 771 2638
514 966 1161 2641
2096 60 486 2642
6 1370 1268 2644
783 1207 655 2645
35 922 1689 2646
618 1287 744 2649
416 1052 1183 2651
716 122 1820 2658
808 852 1013 2673
360 2268 49 2677
40 1620 1031 2691
331 1627 741 2699
618 1570 512 2700
1602 997 103 2702
430 1069 1207 2706
1243 699 766 2708
405 2093 211 2709
374 1862 475 2711
537 196 1988 2721
1815 114 795 2724
1332 336 1059 2727
1013 409 1310 2732
622 1579 534 2735
270 1865 601 2736
2120 154 463 2737
237 893 1609 2739
144 815 1783 2742
1232 101 1416 2749
202 861 1689 2752
321 905 1528 2754
283 83 2389 2755
541 1314 903 2758
460 1567 733 2760
1238 449 1074 2761
663 698 1401 2762
249 1174 1354 2777
881 1080 825 2786
244 1176 1367 2787
1127 1242 422 2791
751 371 1670 2792
813 658 1328 2799
1565 989 247 2801
975 1711 116 2802
66 1969 770 2805
624 1156 1028 2808
1866 502 441 2809
2094 509 209 2812
2269 369 176 2814
1398 337 1080 2815
835 1390 592 2817
411 1415 992 2818
458 566 1798 2822
225 1175 1424 2824
1037 914 880 2831
855 297 1684 2836
1137 1200 501 2838
729 0 2112 2841
1494 275 1073 2842
1244 1227 373 2844
84 2362 400 2846
2347 340 160 2847
778 871 1199 2848
1459 322 1070 2851
260 239 2357 2856
1078 215 1564 2857
1481 209 1169 2859
883 1210 768 2861
2079 349 435 2863
1331 1084 449 2864
153 965 1748 2866
159 969 1740 2868
513 55 2303 2871
2025 576 271 2872
406 486 1983 2875
825 1028 1024 2877
865 1537 476 2878
1375 611 893 2879
160 2456 267 2883
642 1779 465 2886
37 275 2575 2887
1309 1235 346 2890
107 2551 234 2892
140 2051 704 2895
432 2306 159 2897
1224 1510 167 2901
1402 459 1041 2902
1821 990 92 2903
1159 159 1604 2922
787 579 1560 2926
755 2090 84 2929
171 1142 1617 2930
471 1373 1088 2932
611 1818 505 2934
90 442 2403 2935
149 2322 467 2938
239 1116 1585 2940
398 163 2385 2946
242 1917 788 2947
549 1622 778 2949
312 1293 1348 2953
288 1832 835 2955
1135 896 926 2957
1899 322 738 2959
1706 1018 237 2961
1855 530 580 2965
1425 994 548 2967
913 1059 998 2970
10 2052 911 2973
438 368 2168 2974
527 770 1681 2978
1722 1151 106 2979
1144 1594 245 2983
312 19 2656 2987
354 2493 142 2989
1454 1366 170 2990
618 1272 1101 2991
787 81 2134 3002
909 1653 443 3005
952 1268 786 3006
729 389 1896 3014
861 186 1969 3016
558 2308 152 3018
1550 223 1246 3019
1207 66 1747 3020
2049 713 259 3021
1104 52 1868 3024
1301 1049 675 3025
1175 1274 577 3026
2325 415 288 3028
984 138 1909 3031
1930 732 371 3033
362 2289 384 3035
471 252 2316 3039
2149 545 346 3040
330 1982 734 3046
1975 756 316 3047
2307 387 361 3055
186 120 2750 3056
317 241 2503 3061
1921 341 805 3067
1057 1898 113 3068
131 2117 821 3069
1477 1160 433 3070
1359 128 1590 3077
1249 1135 695 3079
229 328 2525 3082
1678 998 408 3084
2205 23 869 3097
2113 237 749 3099
122 1729 1249 3100
618 590 1893 3101
793 2213 96 3102
771 931 1401 3103
589 790 1727 3106
1828 225 1054 3107
354 493 2261 3108
790 1788 531 3109
696 514 1902 3112
446 1413 1257 3116
2693 66 358 3117
208 213 2697 3118
553 1690 876 3119
299 168 2653 3120
0 16 3105 3121
416 797 1917 3130
187 1180 1764 3131
864 1020 1249 3133
109 1226 1804 3139
914 1561 665 3140
1061 534 1547 3142
1279 1204 665 3148
469 1126 1557 3152
591 1313 1250 3154
2809 140 207 3156
1305 231 1621 3157
235 233 2696 3164
874 1014 1277 3165
35 1889 1244 3168
729 2055 385 3169
897 1414 859 3170
1879 5 1287 3171
477 2633 65 3175
2351 689 136 3176
321 1056 1802 3179
2154 844 183 3181
1711 891 598 3200
45 1110 2049 3204
1580 891 736 3207
1579 1098 533 3210
757 564 1893 3214
185 751 2280 3216
101 3087 29 3217
450 260 2512 3222
2638 444 144 3226
659 1939 634 3232
1898 1078 258 3234
230 2743 266 3239
642 2447 153 3242
484 2721 39 3244
16 1753 1477 3246
2815 394 39 3248
767 282 2200 3249
501 31 2718 3250
317 2297 638 3252
2389 634 232 3255
2066 245 945 3256
1874 506 878 3258
749 1972 541 3262
235 1213 1820 3268
834 87 2348 3269
2257 555 458 3270
1113 1011 1153 3277
900 1211 1168 3279
995 1989 296 3280
767 760 1754 3281
474 2416 392 3282
839 1635 813 3287
89 1298 1902 3289
2145 164 981 3290
1137 84 2071 3292
489 1508 1297 3294
82 2865 350 3297
1134 1955 211 3300
966 844 1491 3301
960 332 2010 3302
479 2330 498 3307
310 2359 639 3308
2884 318 107 3309
2532 775 3 3310
102 349 2860 3311
1086 1702 524 3312
1524 49 1740 3313
1050 540 1727 3317
2101 542 675 3318
204 3088 27 3319
984 317 2028 3329
964 1365 1001 3330
2485 433 413 3331
1777 212 1343 3332
2267 71 995 3333
59 3042 234 3335
1241 744 1351 3336
854 1266 1218 3338
2947 129 273 3349
600 617 2134 3351
2111 713 530 3354
508 767 2082 3357
67 669 2622 3358
265 1639 1455 3359
73 3122 167 3362
1799 340 1225 3364
660 869 1836 3365
451 2917 3 3371
2644 247 482 3373
938 695 1742 3375
1762 1569 45 3376
205 1312 1861 3378
145 1977 1267 3389
500 2168 722 3390
717 1436 1241 3394
2235 587 575 3397
811 870 1718 3399
1368 1372 660 3400
624 2150 627 3401
1737 154 1511 3402
1799 557 1049 3405
2266 1078 64 3408
2112 803 500 3415
1224 2046 147 3417
1583 1660 177 3420
1502 183 1736 3421
850 1712 861 3423
609 1586 1229 3424
35 2608 782 3425
719 2123 585 3427
1159 1795 474 3428
1276 932 1224 3432
2393 772 268 3433
954 1446 1036 3436
1895 933 610 3438
367 493 2581 3441
525 1726 1191 3442
1333 1452 665 3450
273 2719 463 3455
1060 839 1558 3457
264 274 2921 3459
3084 264 112 3460
622 2061 778 3461
480 287 2696 3463
1493 1091 880 3464
1050 1886 534 3470
930 1113 1428 3471
897 561 2014 3472
2138 1162 173 3473
856 1803 815 3474
1521 1171 786 3478
692 1343 1444 3479
9 577 2895 3481
2082 211 1191 3484
169 2939 377 3485
382 2027 1078 3487
1572 615 1307 3494
1357 106 2039 3502
1795 234 1475 3504
2408 175 925 3508
209 749 2553 3511
2467 341 704 3512
2035 523 956 3514
1099 1543 873 3515
130 2298 1089 3517
615 2456 447 3518
2297 717 505 3519
1474 920 1127 3521
160 308 3055 3523
122 2750 652 3524
2595 223 708 3526
2765 656 107 3528
1362 1176 991 3529
560 1975 995 3530
2584 566 382 3532
558 2399 576 3533
583 1192 1765 3540
354 1331 1857 3542
265 1414 1864 3543
1696 1110 738 3544
2545 738 262 3545
667 86 2793 3546
457 1516 1578 3551
31 2704 817 3552
262 904 2388 3554
1286 1801 470 3557
2054 1433 77 3564
721 2565 280 3566
478 1044 2045 3567
1903 1101 569 3573
369 533 2674 3576
468 505 2604 3577
953 556 2070 3579
820 2402 360 3582
1130 1858 596 3584
488 3042 59 3589
772 2121 697 3590
1411 278 1902 3591
403 1758 1432 3593
2617 427 558 3602
537 2020 1046 3603
921 1550 1133 3604
1530 786 1289 3605
2692 752 165 3609
1387 82 2144 3613
969 2568 80 3617
2343 971 305 3619
430 2928 262 3620
1954 191 1476 3621
1269 1858 495 3622
2035 1409 186 3630
1169 1437 1028 3634
88 602 2947 3637
2710 556 372 3638
2067 905 667 3639
2847 231 563 3641
1759 408 1476 3643
1081 2035 528 3644
321 1706 1618 3645
2874 281 492 3647
1988 836 824 3648
2699 167 783 3649
1545 32 2073 3650
46 3429 177 3652
281 1402 1970 3653
2771 330 553 3654
1915 1211 529 3655
548 1424 1685 3657
68 1301 2289 3658
1332 883 1444 3659
2394 72 1195 3661
506 1440 1719 3665
1869 627 1170 3666
1044 88 2535 3667
238 1947 1483 3668
2696 905 73 3674
2116 3 1556 3675
1297 449 1931 3677
2094 1386 203 3683
1541 875 1268 3684
656 916 2114 3686
2599 781 309 3689
96 3164 430 3690
1226 1213 1252 3691
232 778 2685 3695
3003 565 129 3697
2324 373 1001 3698
1122 1998 580 3700
2581 981 139 3701
2947 134 621 3702
165 2915 624 3704
312 3197 196 3705
398 2385 923 3706
2670 956 81 3707
2219 403 1087 3709
364 219 3127 3710
2588 822 301 3711
2445 944 323 3712
1302 2189 223 3714
405 1502 1809 3716
592 2862 264 3718
1150 39 2530 3719
526 1806 1388 3720
2025 652 1046 3723
579 666 2479 3724
2295 780 650 3725
719 1370 1637 3726
462 2442 825 3729
1057 1271 1402 3730
1413 738 1580 3731
3522 174 38 3734
233 41 3464 3738
696 1955 1090 3741
416 2057 1271 3744
2337 405 1007 3749
662 884 2206 3752
1815 916 1023 3754
2474 334 947 3755
3093 596 67 3756
1020 543 2196 3759
1149 2087 524 3760
1339 2183 246 3768
1590 127 2052 3769
193 2066 1513 3772
497 2475 802 3774
1674 1733 368 3775
3440 315 23 3778
1580 232 1967 3779
2338 1432 12 3782
2833 623 327 3783
1485 44 2256 3785
131 3104 551 3786
1608 70 2112 3790
473 2138 1180 3791
1491 1050 1252 3793
204 1187 2406 3797
799 54 2946 3799
141 2718 942 3801
373 1478 1953 3804
1176 2490 139 3805
994 90 2724 3808
1228 1571 1010 3809
1467 640 1704 3811
1888 1292 634 3814
2882 650 283 3815
105 574 3139 3818
2844 542 433 3819
1163 1751 906 3820
268 3276 279 3823
2315 266 1243 3824
361 2171 1296 3828
3004 237 588 3829
1951 1762 121 3834
757 1080 1999 3836
340 3425 73 3838
1061 1125 1653 3839
459 508 2873 3840
1877 1064 901 3842
1595 1259 989 3843
927 2534 383 3844
921 117 2807 3845
740 439 2668 3847
648 2248 952 3848
1731 1861 258 3850
1748 1650 453 3851
1122 942 1792 3856
119 108 3630 3857
1962 881 1015 3858
369 1802 1688 3859
1717 335 1810 3862
2703 212 948 3863
2579 260 1025 3864
175 1307 2383 3865
2067 1229 570 3866
315 721 2831 3867
1007 2308 553 3868
1271 739 1859 3869
2198 1672 0 3870
1486 601 1792 3879
2160 644 1081 3885
932 2914 41 3887
1145 824 1919 3888
508 949 2432 3889
963 2796 131 3890
1251 418 2222 3891
1612 2182 98 3892
1352 1510 1031 3893
722 610 2564 3896
1506 1283 1108 3897
2029 1470 399 3898
1212 250 2437 3899
1379 171 2351 3901
214 252 3436 3902
2370 512 1022 3904
285 1788 1832 3905
682 2680 544 3906
218 2211 1479 3908
3582 157 171 3910
268 2850 793 3911
2261 1229 423 3913
1482 1836 596 3914
1211 1039 1666 3916
3055 125 738 3918
562 2576 781 3919
323 2626 971 3920
248 1875 1798 3921
939 1256 1727 3922
1197 77 2649 3923
461 2876 587 3924
645 236 3044 3925
398 962 2569 3929
819 727 2387 3933
1340 1348 1246 3934
2020 1626 289 3935
57 3608 275 3940
1089 951 1903 3943
448 2651 846 3945
708 2187 1051 3946
594 1552 1801 3947
1497 2440 15 3952
1332 1633 988 3953
1267 2656 32 3955
2805 91 1060 3956
1654 1795 508 3957
96 1837 2025 3958
198 1638 2126 3962
151 2059 1753 3963
2086 1396 482 3964
2506 109 1352 3967
1961 83 1925 3969
1135 2789 47 3971
272 2816 886 3974
661 2597 717 3975
3222 74 680 3976
1363 1212 1402 3977
2824 955 202 3981
1756 213 2013 3982
635 1777 1572 3984
1482 2481 22 3985
858 1376 1753 3987
1924 1079 985 3988
575 3300 114 3989
736 2109 1145 3990
898 2164 930 3992
835 1356 1802 3993
2173 1415 406 3994
1574 765 1656 3995
1897 1744 355 3996
1177 186 2634 3997
7 732 3259 3998
277 1298 2424 3999
549 3193 260 4002
614 231 3158 4003
2740 319 945 4004
1537 1825 643 4005
868 587 2552 4007
1624 1185 1200 4009
1437 228 2345 4010
570 2563 880 4013
3361 101 553 4015
3334 276 407 4017
433 1924 1661 4018
2399 66 1554 4019
2449 1013 558 4020
176 2185 1663 4024
363 225 3437 4025
460 2933 633 4026
2708 27 1292 4027
3287 480 265 4032
2727 1060 247 4034
2512 1523 3 4038
1648 1186 1205 4039
1917 318 1806 4041
140 560 3344 4044
2206 495 1346 4047
2975 397 679 4051
84 1891 2080 4055
89 1440 2527 4056
3037 867 154 4058
1625 1597 840 4062
515 785 2766 4066
242 1311 2514 4067
1547 2134 389 4070
277 1783 2011 4071
624 3174 275 4073
1161 1697 1219 4077
1582 411 2086 4079
1034 501 2545 4080
2468 930 683 4081
2364 1429 291 4084
263 980 2842 4085
2435 556 1095 4086
2322 1492 274 4088
2787 286 1016 4089
2469 877 747 4093
2840 1033 221 4094
957 92 3047 4096
424 962 2711 4097
1789 1506 806 4101
641 2579 882 4102
2476 1299 328 4103
2098 1568 439 4105
1192 2889 26 4107
1133 2741 234 4108
253 1230 2627 4110
1681 1534 897 4112
2774 698 644 4116
2396 195 1529 4120
2371 779 972 4122
2433 1169 523 4125
965 1099 2062 4126
1072 2002 1053 4127
203 2357 1569 4129
2553 669 908 4130
2692 759 681 4132
1533 1732 868 4133
2421 544 1172 4137
1059 2069 1011 4139
1418 2380 344 4142
738 2926 483 4147
680 3226 245 4151
857 2995 304 4156
1113 254 2790 4157
934 2694 531 4159
773 1106 2281 4160
893 1557 1711 4161
994 2553 618 4165
639 2289 1238 4166
204 448 3515 4167
3399 435 334 4168
268 1693 2210 4171
350 2902 921 4173
1537 1236 1401 4174
1547 2059 571 4177
1453 584 2143 4180
636 2235 1310 4181
2145 893 1145 4183
2448 1616 120 4184
2889 38 1258 4185
743 1867 1578 4188
2143 1194 853 4190
1343 2320 531 4194
1110 743 2344 4197
3115 635 448 4198
2451 1291 458 4200
310 677 3215 4202
2338 1846 19 4203
2704 1459 41 4204
317 2237 1651 4205
244 929 3033 4206
48 1339 2820 4207
1309 535 2364 4208
485 1904 1823 4212
2435 582 1197 4214
1781 774 1661 4216
2798 1203 216 4217
700 3378 140 4218
1137 2640 447 4224
141 1248 2836 4225
1953 283 1990 4226
758 602 2869 4229
2567 232 1431 4230
1033 1020 2178 4231
666 3301 265 4232
994 2996 244 4234
31 1443 2761 4235
2872 1282 82 4236
2391 1348 500 4239
257 592 3391 4240
426 2032 1783 4241
1788 135 2322 4245
1175 2799 272 4246
1660 139 2449 4248
948 2301 1001 4250
472 3654 126 4252
938 1481 1834 4253
1202 914 2138 4254
1097 2265 895 4257
3124 773 363 4260
2220 1778 263 4261
3239 136 887 4262
211 1823 2229 4263
1155 2869 240 4264
2845 649 772 4266
2056 1966 247 4269
1823 602 1845 4270
503 3721 47 4271
1171 2085 1016 4272
1092 1460 1721 4273
1164 1177 1933 4274
1034 2666 577 4277
2651 1368 259 4278
978 2088 1215 4281
415 2133 1736 4284
347 1251 2690 4288
373 2550 1366 4289
61 3634 595 4290
2491 8 1792 4291
803 410 3080 4293
2900 1243 151 4294
1857 308 2133 4298
1052 2567 683 4302
179 294 3830 4303
2245 1707 352 4304
969 1527 1810 4306
2296 1781 230 4307
1797 628 1884 4309
427 885 2999 4311
3490 107 715 4312
449 3049 815 4313
1293 496 2525 4314
706 936 2673 4315
1099 2506 713 4318
3048 1193 79 4320
206 1984 2133 4323
928 2378 1018 4324
484 2810 1032 4326
2230 885 1212 4327
307 2058 1963 4328
41 3294 995 4330
3091 55 1185 4331
1582 742 2009 4333
480 3439 416 4335
224 3407 705 4336
1708 1378 1252 4338
27 3962 350 4339
223 1270 2847 4340
116 3645 581 4342
1874 1944 525 4343
871 2461 1014 4346
2685 805 857 4347
184 3179 985 4348
25 588 3740 4353
1247 1553 1555 4355
1682 386 2288 4356
3278 982 97 4357
74 3160 1125 4359
661 2884 815 4360
576 1422 2366 4364
817 1933 1616 4366
1680 437 2250 4367
2304 408 1656 4368
3142 259 968 4369
1542 1925 903 4370
2598 940 833 4371
952 1213 2207 4372
1051 418 2905 4374
2171 1813 392 4376
3253 87 1037 4377
859 130 3392 4381
431 404 3547 4382
787 913 2683 4383
983 1763 1638 4384
312 2471 1602 4385
1305 497 2584 4386
3442 760 185 4387
1153 1138 2100 4391
1052 2557 783 4392
2307 96 1990 4393
1232 2014 1148 4394
353 395 3647 4395
1046 97 3253 4396
246 218 3933 4397
2891 829 679 4399
2364 1982 54 4400
423 3778 200 4401
1628 646 2128 4402
568 2438 1397 4403
1525 1696 1184 4405
773 1485 2148 4406
370 3872 165 4407
584 3709 117 4410
2289 696 1428 4413
377 3180 857 4414
1235 1400 1781 4416
1056 2901 460 4417
288 1668 2466 4422
1595 1009 1819 4423
744 344 3337 4425
1466 2910 51 4427
399 3943 87 4429
585 523 3322 4430
886 1243 2302 4431
2653 298 1481 4432
3301 991 144 4436
781 3200 456 4437
2644 862 932 4438
2575 414 1450 4439
3655 175 610 4440
144 2118 2179 4441
952 2853 637 4442
1393 1496 1554 4443
800 3303 342 4445
2764 735 947 4446
1653 95 2701 4449
1207 303 2940 4450
2774 661 1018 4453
2899 678 878 4455
2952 1098 407 4457
1052 1667 1739 4458
2259 1937 263 4459
2398 2012 50 4460
295 3114 1055 4464
1298 1668 1499 4465
1628 1210 1631 4469
279 940 3251 4470
569 938 2965 4472
3507 218 748 4473
467 3895 112 4474
1920 1733 822 4475
1682 866 1928 4476
985 1219 2273 4477
1938 1468 1072 4478
1582 1747 1151 4480
656 1727 2098 4481
1858 964 1660 4482
1116 1860 1509 4485
2675 675 1137 4487
264 3459 765 4488
2417 813 1260 4490
2159 1252 1082 4493
561 1003 2931 4495
2222 1090 1191 4503
2568 675 1261 4504
357 747 3402 4506
698 2512 1301 4511
2402 100 2012 4514
2177 1341 998 4516
2273 74 2170 4517
1769 1613 1137 4519
770 1158 2594 4522
1903 1245 1376 4524
3086 625 814 4525
831 1998 1698 4527
597 1729 2202 4528
231 1697 2601 4529
2481 1909 140 4530
812 1923 1796 4531
443 3571 518 4532
1207 1250 2077 4534
1938 544 2054 4536
1471 612 2456 4539
1092 257 3191 4540
1406 583 2555 4544
1175 518 2854 4547
1422 1950 1176 4548
1940 2258 352 4550
991 1335 2225 4551
1002 817 2733 4552
2425 1118 1011 4554
586 241 3728 4555
794 419 3343 4556
2149 2294 114 4557
1151 1128 2279 4558
1288 707 2565 4560
2213 1921 432 4566
2630 1608 330 4568
334 2599 1638 4571
1133 3433 6 4572
1225 1507 1845 4577
565 1464 2549 4578
2489 1169 921 4579
769 1024 2787 4580
2830 1260 491 4581
3735 399 450 4584
846 200 3539 4585
1408 1534 1646 4588
1688 538 2363 4589
741 3188 662 4591
1795 1141 1656 4592
3595 971 28 4594
634 97 3865 4596
2411 2178 9 4598
776 339 3484 4599
1863 1917 820 4600
3323 429 849 4601
1632 2140 830 4602
1970 829 1804 4603
1406 360 2838 4604
431 3480 695 4606
697 3852 58 4607
2129 994 1489 4612
770 2136 1707 4613
749 2894 974 4617
2576 348 1695 4619
1522 3073 26 4621
67 1317 3239 4623
2485 992 1147 4624
2961 184 1480 4625
2928 635 1063 4626
762 2747 1118 4627
888 1924 1816 4628
1959 1289 1383 4631
1087 2162 1383 4632
1748 2275 610 4633
1543 1180 1913 4636
491 487 3659 4637
1335 2172 1136 4643
1920 133 2591 4644
2946 1670 30 4646
912 2108 1627 4647
795 3742 112 4649
282 634 3734 4650
2772 137 1742 4651
1037 3294 322 4653
2297 419 1939 4655
810 110 3739 4659
684 1592 2384 4660
780 235 3646 4661
163 1913 2587 4663
1028 1747 1890 4665
2724 1628 314 4666
3012 379 1277 4668
732 1791 2147 4670
1226 1189 2256 4671
637 1552 2483 4672
1044 2222 1408 4674
2932 507 1240 4679
2369 1463 848 4680
2216 2090 376 4682
692 3602 389 4683
2003 72 2614 4689
147 3367 1176 4690
655 2207 1830 4692
1747 664 2283 4694
3021 753 921 4695
644 1656 2396 4696
2176 1464 1057 4697
2293 714 1691 4698
1587 322 2790 4699
3305 1271 124 4700
844 2635 1224 4703
407 1980 2317 4704
2719 1417 569 4705
1859 2830 17 4706
707 315 3687 4709
122 905 3683 4710
1669 78 2964 4711
3321 1091 300 4712
845 1060 2809 4714
1538 3133 45 4716
1624 2903 190 4717
1236 1384 2100 4720
2321 126 2274 4721
3015 1448 259 4722
1344 2669 710 4723
1637 689 2398 4724
2651 1719 356 4726
895 1823 2009 4727
1635 657 2440 4732
1616 3018 99 4733
3485 608 641 4734
806 1342 2587 4735
97 3864 778 4739
3044 232 1464 4740
2019 1128 1596 4743
2205 620 1922 4747
3123 133 1492 4748
847 1769 2133 4749
2925 871 954 4750
3275 132 1345 4752
912 2778 1063 4753
3318 5 1431 4754
2436 1970 349 4755
1366 2207 1184 4757
2784 1443 531 4758
1184 1494 2081 4759
2109 2431 220 4760
2174 2256 333 4763
1767 2385 612 4764
1089 548 3128 4765
366 3344 1057 4767
1677 1823 1269 4769
625 1052 3093 4770
2641 109 2024 4774
3289 1424 63 4776
555 1590 2632 4777
722 739 3318 4779
225 2480 2076 4781
2306 1042 1435 4783
2773 1147 865 4785
539 549 3699 4787
3160 1609 19 4788
2975 804 1010 4789
1020 248 3524 4792
603 2168 2022 4793
960 2389 1446 4795
2135 506 2155 4796
1596 2391 811 4798
689 3163 947 4799
1141 1414 2245 4800
39 2843 1919 4801
2486 1034 1282 4802
709 883 3211 4803
2913 791 1100 4804
1789 2558 458 4805
836 3005 967 4808
402 3886 524 4812
993 26 3794 4813
2329 2129 357 4815
1391 3351 76 4818
3205 1164 452 4821
594 2904 1324 4822
2049 1891 884 4824
1057 2972 796 4825
1427 178 3221 4826
1300 910 2617 4827
3542 181 1106 4829
915 3216 700 4831
287 2567 1978 4832
1609 2555 669 4833
1908 1054 1872 4834
884 1324 2627 4835
95 2504 2237 4836
3205 930 702 4837
3231 45 1562 4838
1968 1278 1595 4841
1398 2852 592 4842
3950 115 779 4844
2411 1789 646 4846
1054 3098 697 4849
1821 1031 1998 4850
3112 969 771 4852
1706 2761 386 4853
3443 962 452 4857
511 3404 944 4859
3097 519 1244 4860
3082 1647 133 4862
3345 1132 387 4864
878 3623 364 4865
18 1662 3186 4866
1438 1251 2178 4867
1101 2438 1329 4868
1246 887 2737 4870
817 1228 2827 4872
2624 918 1331 4873
1131 796 2947 4874
938 56 3882 4876
437 1150 3290 4877
894 1571 2415 4880
3200 165 1517 4882
73 993 3819 4885
1381 3079 427 4887
7 1086 3795 4888
220 2929 1740 4889
2016 301 2573 4890
1011 1560 2320 4891
1768 1846 1278 4892
3349 276 1268 4893
675 1283 2936 4894
2276 1564 1056 4896
2047 1445 1405 4897
1196 1057 2645 4898
2311 1773 815 4899
1095 279 3527 4901
3407 635 860 4902
3578 686 642 4906
83 1393 3432 4908
2011 415 2485 4911
2529 1591 794 4914
1208 1761 1947 4916
1549 978 2390 4917
2288 247 2384 4919
2727 1334 862 4923
2943 916 1065 4924
410 1873 2643 4926
3393 51 1484 4928
169 3243 1517 4929
2308 1873 749 4930
3208 243 1480 4931
293 1504 3135 4932
433 1559 2941 4933
813 2482 1639 4934
569 2783 1585 4937
689 2059 2190 4938
2054 1938 948 4940
1250 1634 2057 4941
2115 822 2005 4942
2549 1723 672 4944
178 2800 1968 4946
1546 1831 1571 4948
417 2409 2128 4954
509 2955 1491 4955
1864 1663 1430 4957
651 1293 3014 4958
1485 14 3462 4961
401 3408 1153 4962
1720 1077 2166 4963
78 1387 3501 4966
1708 670 2589 4967
2838 140 1990 4968
545 3836 588 4969
2405 1213 1352 4970
2735 1468 769 4972
1956 2421 596 4973
1600 2944 430 4974
2834 1198 943 4975
1004 1332 2640 4976
313 1781 2883 4977
1670 727 2581 4978
2721 1786 472 4979
758 3073 1149 4980
822 2667 1492 4981
1685 2036 1263 4984
1999 1909 1078 4986
324 1294 3369 4987
2395 1986 607 4988
220 1170 3599 4989
1192 1986 1812 4990
1013 2717 1261 4991
1910 2236 847 4993
1118 2415 1462 4995
2513 469 2014 4996
967 905 3125 4997
1133 3111 754 4998
1906 2283 810 4999
2913 668 1420 5001
744 1518 2742 5004
365 2952 1688 5005
1139 786 3081 5006
1863 3073 71 5007
40 1270 3698 5008
1638 1231 2143 5012
2115 210 2688 5013
412 2386 2217 5015
2893 1185 938 5016
1558 2163 1296 5017
3983 722 313 5018
1406 1650 1963 5019
2196 1042 1782 5020
436 1789 2796 5021
1618 2218 1186 5022
2600 2394 29 5023
2128 1326 1570 5024
1424 654 2948 5026
299 1556 3173 5028
246 2671 2112 5029
3998 37 995 5030
717 492 3825 5034
3175 1089 771 5035
482 3464 1091 5037
1755 1338 1945 5038
1821 1935 1284 5040
1948 2288 805 5041
2461 2512 70 5043
873 2599 1572 5044
3064 760 1221 5045
860 3278 908 5046
1183 3255 610 5048
987 3134 928 5049
132 1974 2944 5050
895 3287 870 5052
2805 183 2065 5053
1620 3294 140 5054
109 3201 1745 5055
186 1344 3526 5056
2273 964 1820 5057
3595 9 1454 5058
987 2998 1074 5059
2127 2119 814 5060
912 3190 959 5061
2293 2681 88 5062
765 3433 865 5063
926 1292 2846 5064
2674 2099 294 5067
2447 572 2049 5068
2550 2430 89 5069
1898 3 3171 5072
1202 3706 165 5073
2571 1942 561 5074
599 2909 1567 5075
2680 1177 1219 5076
691 3033 1353 5077
363 2792 1923 5078
2640 1211 1231 5082
1276 3075 732 5083
2377 2054 653 5084
1308 1697 2082 5087
1294 50 3744 5088
20 2350 2719 5089
2258 1963 869 5090
472 1270 3350 5092
721 1674 2698 5093
582 1168 3344 5094
2258 1560 1279 5097
1502 2127 1470 5099
752 1957 2391 5100
1254 641 3206 5101
1330 848 2924 5102
2056 125 2922 5103
1049 1416 2639 5104
746 1391 2968 5105
473 1218 3415 5106
2714 2060 337 5111
2863 1489 760 5112
3718 364 1031 5113
377 3737 1005 5119
2269 2790 62 5121
920 229 3973 5122
1902 405 2818 5125
3842 1132 153 5127
131 1024 3974 5129
2011 2242 878 5131
1519 1328 2285 5132
1060 1538 2536 5134
2410 1310 1415 5135
1504 3293 339 5136
816 1544 2777 5137
3481 703 956 5140
1765 1418 1960 5143
1970 1675 1499 5144
53 1560 3532 5145
3951 442 754 5147
1949 1378 1821 5148
143 3365 1642 5150
1170 266 3717 5153
1091 3670 393 5154
2787 1924 445 5156
1176 290 3691 5157
2549 685 1924 5158
1593 1816 1750 5159
440 2039 2682 5161
1412 3681 70 5163
1946 1126 2092 5164
2255 54 2856 5165
582 2614 1971 5167
2435 1969 764 5168
225 2124 2820 5169
3865 939 366 5170
1220 3343 608 5171
1163 3587 422 5172
632 1685 2856 5173
220 1528 3426 5174
1935 584 2657 5176
1019 3501 657 5177
2660 2403 115 5178
3111 208 1860 5179
1153 1265 2762 5180
1808 790 2583 5181
3177 1885 120 5182
574 795 3814 5183
3345 313 1526 5184
1849 1780 1556 5185
1621 743 2823 5187
2255 836 2097 5188
2103 605 2482 5190
1787 2332 1072 5191
1691 3445 56 5192
418 1723 3054 5195
3620 1299 277 5196
3440 1727 30 5197
1424 3475 299 5198
838 3796 566 5200
2535 124 2543 5202
1889 638 2676 5203
263 2131 2812 5206
3777 624 808 5209
3074 1388 748 5210
2255 2425 531 5211
23 3467 1722 5212
3852 204 1160 5216
900 3046 1271 5217
2692 1396 1130 5218
1807 1978 1435 5220
2124 306 2791 5221
1608 2746 868 5222
857 1753 2613 5223
2223 1716 1285 5224
3233 1235 759 5227
1125 2034 2071 5230
3583 1419 230 5232
3511 138 1584 5233
2336 809 2089 5234
2287 2619 330 5236
755 2001 2481 5237
458 2885 1900 5243
1329 3845 71 5245
2565 1699 982 5246
1982 679 2587 5248
131 3945 1173 5249
111 3680 1459 5250
1524 2496 1233 5253
1495 769 2991 5255
3611 1628 17 5256
1726 890 2641 5257
1705 765 2788 5258
1270 738 3253 5261
3332 1733 202 5267
3644 1591 33 5268
2173 725 2372 5270
198 3757 1317 5272
794 1017 3462 5273
3752 167 1357 5276
249 2654 2374 5277
1745 2560 974 5279
2883 546 1851 5280
1684 1734 1863 5281
3356 741 1188 5285
1120 1460 2706 5286
40 3144 2103 5287
417 3086 1787 5290
1261 1092 2941 5294
1401 564 3332 5297
2621 401 2279 5301
1387 2468 1450 5305
1935 995 2376 5306
711 3584 1012 5307
2785 2155 370 5310
1713 1769 1831 5313
2211 1707 1398 5316
1347 418 3552 5317
1772 694 2853 5319
3855 418 1047 5320
2110 1892 1319 5321
3484 977 862 5323
3524 1551 249 5324
53 2692 2580 5325
1435 278 3613 5326
2707 2309 311 5327
763 767 3798 5328
1883 62 3384 5329
993 3229 1109 5331
2470 1436 1426 5332
661 3441 1231 5333
523 3503 1309 5335
1018 2399 1919 5336
955 2550 1834 5339
185 2080 3075 5340
311 2044 2986 5341
3845 1235 263 5343
2975 457 1912 5344
474 3962 909 5345
361 2057 2928 5346
1604 1586 2157 5347
554 3398 1396 5348
43 2576 2730 5349
769 3838 744 5351
3802 1235 315 5352
224 1432 3697 5353
3137 1362 856 5355
563 2274 2519 5356
1537 1780 2043 5360
3319 1860 183 5362
912 828 3623 5363
1435 491 3438 5364
2077 2597 691 5365
1117 2979 1271 5367
1346 2821 1202 5369
178 1676 3516 5370
396 3401 1574 5371
3709 1360 303 5372
805 3512 1056 5373
1824 314 3236 5374
2068 2014 1293 5375
3428 1730 219 5377
813 663 3903 5379
1001 3066 1314 5381
2397 807 2179 5383
312 2247 2825 5384
1168 591 3627 5386
2434 2654 300 5388
1445 3938 7 5390
1365 1653 2375 5393
279 2368 2747 5394
1694 2139 1562 5395
952 3133 1311 5396
401 1442 3555 5398
1663 868 2868 5399
251 3659 1490 5400
1108 2764 1531 5403
1360 1197 2848 5405
3478 1929 0 5407
3341 1596 471 5408
3746 1142 521 5409
1325 1343 2744 5412
903 1506 3004 5413
2102 1577 1737 5416
2061 1554 1802 5417
3633 193 1592 5418
2259 1740 1420 5419
1976 1023 2421 5420
3612 1273 536 5421
1341 1607 2475 5423
3420 330 1675 5425
1326 1213 2887 5426
158 2598 2674 5430
2522 2505 404 5431
1907 2484 1041 5432
1533 1100 2800 5433
559 1853 3023 5435
3350 276 1812 5438
1698 3429 312 5439
1902 581 2957 5440
1262 3085 1095 5442
400 2195 2849 5444
482 3217 1748 5447
1116 379 3953 5448
1032 819 3598 5449
2226 2549 675 5450
2588 140 2723 5451
420 3400 1633 5453
2599 87 2769 5455
2593 1847 1016 5456
534 1663 3260 5457
1420 1968 2070 5458
1353 796 3310 5459
1045 1130 3285 5460
2620 1224 1617 5461
434 3902 1126 5462
3962 1436 66 5464
1839 2897 730 5466
3065 287 2116 5468
641 1528 3302 5471
747 3425 1300 5472
1501 3878 94 5473
1534 2336 1604 5474
1534 1399 2542 5475
2173 751 2553 5477
3522 618 1339 5479
3018 1062 1401 5481
1974 1237 2271 5482
602 2451 2431 5484
2685 2694 107 5486
2766 442 2280 5488
1214 2224 2051 5489
2210 2988 292 5490
1534 3158 801 5493
2471 2249 775 5495
1322 2262 1912 5496
1747 1805 1945 5497
3409 22 2068 5499
470 1051 3980 5501
2534 2730 238 5502
2388 189 2926 5503
1981 2916 607 5504
1331 1213 2961 5505
2589 842 2077 5508
413 3234 1862 5509
1700 1862 1949 5511
1428 3469 620 5517
2712 1334 1472 5518
749 1048 3722 5519
160 3681 1679 5520
2817 884 1820 5521
635 3118 1771 5524
1995 1648 1885 5528
8 2605 2919 5532
1337 3378 818 5533
2983 1012 1539 5534
1342 3392 801 5535
1163 698 3675 5536
1343 1561 2635 5539
3604 112 1825 5541
635 3423 1484 5542
1419 1661 2463 5543
1888 1145 2511 5544
307 3771 1469 5547
1663 1008 2877 5548
829 3637 1084 5550
1770 2656 1125 5551
48 3207 2297 5552
1551 2850 1154 5555
3298 277 1982 5557
1459 3186 914 5559
2190 1229 2141 5560
1002 606 3954 5562
3270 1131 1163 5564
3397 406 1762 5565
1940 1489 2137 5566
3316 1984 267 5567
3849 1275 444 5568
3644 1264 661 5569
876 3997 697 5570
1641 386 3544 5571
2190 289 3094 5573
1412 3357 805 5574
3238 820 1517 5575
556 1825 3197 5578
3030 2453 98 5581
1392 797 3393 5582
108 3175 2300 5583
552 1426 3606 5584
556 3862 1168 5586
1601 3846 141 5588
2902 1196 1491 5589
1802 2495 1293 5590
2514 1001 2076 5591
154 2996 2442 5592
3995 711 890 5596
1515 3189 894 5598
753 1822 3026 5601
3339 2187 76 5602
757 3570 1276 5603
3010 1157 1437 5604
1575 449 3582 5606
664 1303 3646 5613
994 3642 978 5614
1767 2007 1841 5615
1352 2118 2148 5618
1431 2360 1828 5619
1202 631 3789 5622
3234 541 1851 5626
1949 1167 2512 5628
2591 390 2648 5629
583 1576 3471 5630
1598 3281 752 5631
2129 2555 949 5633
508 2079 3048 5635
2156 3413 68 5637
1075 1437 3126 5638
1991 1678 1970 5639
2239 1338 2064 5641
417 3566 1659 5642
2973 2632 38 5643
1802 652 3191 5645
1014 3020 1612 5646
1292 812 3543 5647
100 1590 3958 5648
3710 376 1563 5649
3203 2330 117 5650
135 3838 1678 5651
167 2543 2942 5652
1297 3574 784 5655
3715 416 1525 5656
928 3853 876 5657
872 3935 851 5658
3763 1737 163 5663
1098 1292 3274 5664
3924 926 815 5665
78 2856 2733 5667
2995 1937 736 5668
2280 2946 443 5669
530 3013 2127 5670
206 2975 2490 5671
1409 1790 2473 5672
2833 965 1876 5674
352 1707 3616 5675
2421 2548 707 5676
1192 799 3687 5678
2607 2003 1071 5681
1703 491 3488 5682
1715 3067 902 5684
3060 1324 1301 5685
2197 3277 214 5688
1076 1012 3601 5689
1987 2084 1619 5690
2518 924 2249 5691
2503 2232 958 5693
2195 2297 1203 5695
2193 1321 2183 5697
3051 2641 6 5698
2177 819 2703 5699
2346 2927 427 5700
82 1741 3880 5703
1493 3970 243 5706
675 1672 3360 5707
1539 2121 2048 5708
487 2297 2925 5709
3303 2155 252 5710
2167 1844 1700 5711
1731 2101 1880 5712
609 1540 3565 5714
682 1583 3452 5717
3194 91 2433 5718
2458 600 2664 5722
2107 3415 201 5723
3225 1411 1088 5724
1130 2787 1808 5725
2499 2926 302 5727
2461 3010 258 5729
2077 229 3424 5730
1373 2586 1773 5732
3659 1385 690 5734
1749 1147 2839 5735
1145 1966 2625 5736
2256 2633 848 5737
2256 2596 886 5738
1273 3327 1139 5739
570 1869 3301 5740
2362 983 2397 5742
3223 1450 1070 5743
1165 1673 2906 5744
2734 1879 1136 5749
590 3840 1321 5751
2123 218 3411 5752
3183 1682 888 5753
2619 2186 949 5754
3757 1089 909 5755
2570 1373 1813 5756
3255 2480 22 5757
1912 444 3402 5758
643 3740 1376 5759
1189 2067 2504 5760
627 2599 2535 5761
3783 1742 237 5762
1089 1149 3526 5764
1700 66 3999 5765
2864 1244 1658 5766
2050 435 3282 5767
1973 1901 1894 5768
3838 580 1351 5769
1 3415 2354 5770
438 2969 2364 5771
2216 1386 2170 5772
3715 485 1574 5774
2929 2008 838 5775
2333 2163 1280 5776
1878 312 3588 5778
2631 3080 68 5779
1579 3301 902 5782
3129 2407 247 5783
2180 879 2725 5784
1496 1520 2769 5785
69 2250 3467 5786
2384 1592 1813 5789
2381 1713 1696 5790
3275 492 2024 5791
1772 2070 1950 5792
1268 1270 3255 5793
1857 357 3580 5794
2305 1351 2139 5795
2186 2473 1137 5796
1495 3883 420 5798
292 3622 1885 5799
1838 448 3514 5800
1311 1040 3450 5801
1974 232 3596 5802
3096 1281 1427 5804
2486 1627 1692 5805
2597 1347 1862 5806
1803 1194 2810 5807
3665 608 1535 5808
1383 3552 874 5809
431 2785 2594 5810
1413 2820 1579 5812
3011 146 2657 5814
2047 379 3389 5815
515 3188 2113 5816
527 1542 3749 5818
606 2794 2419 5819
2204 1335 2283 5822
2265 2210 1348 5823
246 2937 2641 5824
2640 1742 1443 5825
326 3917 1583 5826
1733 3670 424 5827
1116 2165 2547 5828
1081 2472 2276 5829
1364 2055 2411 5830
1738 1210 2883 5831
3369 430 2033 5832
2377 1374 2082 5833
738 3224 1872 5834
1536 3903 396 5835
686 3322 1828 5836
1736 1628 2473 5837
223 1815 3801 5839
1921 2416 1503 5840
3888 716 1237 5841
14 2297 3531 5842
3077 310 2456 5843
3882 1103 859 5844
1046 3207 1593 5846
2962 2026 859 5847
1814 1134 2901 5849
2387 2198 1265 5850
750 1386 3715 5851
3213 2458 182 5853
1824 3482 550 5856
2518 3227 112 5857
1812 92 3956 5860
3161 916 1784 5861
124 3074 2665 5863
1990 3241 634 5865
392 1632 3842 5866
3429 1358 1080 5867
2846 3015 7 5868
2423 1875 1573 5871
2046 3470 356 5872
312 3904 1657 5873
923 1471 3480 5874
2731 432 2712 5875
3014 858 2004 5876
444 2686 2747 5877
1899 3016 965 5880
3607 75 2199 5881
2953 1106 1823 5882
1630 3960 293 5883
2522 1607 1755 5884
303 3448 2136 5887
2864 1005 2019 5888
1724 1656 2509 5889
3562 887 1441 5890
1408 3683 800 5891
2261 2393 1239 5893
2410 2502 982 5894
3138 1401 1356 5895
789 3225 1882 5896
957 2073 2867 5897
1801 197 3901 5899
1368 3513 1021 5902
1575 1142 3186 5903
1602 3452 850 5904
180 1830 3895 5905
1998 3063 845 5906
3279 2261 367 5907
1887 2943 1078 5908
1547 3417 946 5910
252 3781 1878 5911
1260 2296 2360 5916
2695 649 2573 5917
1593 2610 1715 5918
422 2142 3355 5919
2365 2120 1435 5920
2485 242 3194 5921
1639 2813 1473 5925
2572 803 2553 5928
3279 1459 1191 5929
1914 1875 2142 5931
2250 3220 463 5933
1860 175 3899 5934
3401 1196 1339 5936
2805 162 2970 5937
905 1917 3116 5938
3352 275 2314 5941
3806 1353 783 5942
1986 2341 1616 5943
394 3461 2089 5944
3462 267 2216 5945
2252 2453 1241 5946
1519 558 3872 5949
660 1710 3581 5951
1931 2987 1034 5952
1971 3099 884 5954
2588 482 2885 5955
1746 415 3795 5956
1398 2855 1704 5957
426 3448 2084 5958
1765 3290 904 5959
3497 2291 172 5960
687 2775 2501 5963
2852 340 2775 5967
2865 2967 136 5968
532 3525 1912 5969
3718 727 1527 5972
543 3506 1924 5973
773 3259 1944 5976
2069 2103 1805 5977
1259 2751 1969 5979
2769 388 2825 5982
1186 956 3841 5983
1630 935 3419 5984
3922 1968 96 5986
705 2273 3011 5989
364 1777 3849 5990
1074 3777 1140 5991
1411 2776 1808 5995
1471 2128 2397 5996
180 2407 3410 5997
3169 589 2240 5998
3990 1005 1004 5999
919 2369 2712 6000
2651 3117 233 6001
705 2985 2312 6002
1876 2829 1298 6003
2597 30 3377 6004
2845 90 3070 6005
265 2823 2918 6006
3081 2537 392 6010
3459 2414 138 6011
2142 1357 2513 6012
685 2338 2991 6014
995 3419 1602 6016
3169 1066 1782 6017
2809 2181 1028 6018
558 1785 3676 6019
1409 1226 3385 6020
1602 2015 2406 6023
1317 3753 956 6026
986 3108 1934 6028
3430 271 2328 6029
1319 1986 2726 6031
2747 1625 1662 6034
1429 3376 1230 6035
2683 2362 991 6036
1843 1932 2264 6039
3367 2431 243 6041
787 3729 1526 6042
12 3676 2355 6043
1648 1738 2658 6044
3692 614 1739 6045
1743 3966 338 6047
887 3063 2099 6049
719 3401 1930 6050
805 3456 1790 6051
1858 426 3768 6052
2594 1044 2416 6054
2798 2063 1195 6056
2856 1218 1983 6057
2751 2206 1101 6058
3005 1859 1197 6061
3738 1741 583 6062
2218 3559 286 6063
2496 74 3496 6066
834 1545 3688 6067
2553 2483 1038 6074
1772 2342 1961 6075
2185 1121 2770 6076
2594 1993 1491 6078
2180 98 3802 6080
3133 477 2473 6083
2129 791 3164 6084
1555 3373 1158 6086
1919 2342 1826 6087
3432 1075 1581 6088
1641 526 3922 6089
3510 2075 505 6090
1587 1980 2524 6091
1721 555 3817 6093
1545 3674 875 6094
1451 1522 3123 6096
986 3285 1826 6097
2177 3757 164 6098
3433 2375 291 6099
80 3413 2607 6100
2136 182 3783 6101
1029 1750 3323 6102
462 3846 1795 6103
3696 1907 501 6104
300 3718 2088 6106
1842 2654 1612 6108
1647 871 3591 6109
1265 1074 3775 6114
871 3113 2131 6115
1899 570 3649 6118
3548 1924 647 6119
394 2848 2878 6120
3240 2808 73 6121
790 2731 2601 6122
2203 3674 246 6123
1049 1747 3328 6124
2012 3778 337 6127
1635 3060 1434 6129
2058 2150 1922 6130
1223 1269 3639 6131
2783 1548 1801 6132
3974 2067 93 6134
791 1762 3582 6135
3378 203 2555 6136
2267 3346 524 6137
1646 2125 2367 6138
2822 900 2418 6140
1220 1572 3349 6141
2819 1354 1969 6142
1877 2480 1786 6143
1762 2047 2335 6144
3960 1204 981 6145
2541 2457 1148 6146
3946 504 1699 6149
446 2770 2934 6150
850 1667 3634 6151
3763 2182 207 6152
3549 2351 253 6153
3701 1610 843 6154
3505 2269 383 6157
3636 970 1553 6159
1972 2235 1953 6160
812 2176 3174 6162
3027 2250 888 6165
3336 1712 1119 6167
2176 1926 2067 6169
3144 1945 1082 6171
85 3618 2469 6172
2628 3354 192 6174
212 3104 2860 6176
2804 199 3175 6178
3082 2510 587 6179
1488 937 3757 6182
76 3552 2556 6184
270 3948 1967 6185
2148 2656 1382 6186
3134 832 2221 6187
1280 3927 981 6188
541 3007 2641 6189
3502 1332 1358 6192
1381 1054 3758 6193
2461 1385 2349 6195
1663 1626 2908 6197
2185 3569 445 6199
3229 1002 1969 6200
3935 77 2195 6207
2460 3394 354 6208
20 2982 3207 6209
3799 1591 820 6210
247 3284 2680 6211
674 3468 2071 6213
3100 3056 58 6214
1877 1007 3332 6216
3774 2322 121 6217
1971 3778 469 6218
3742 133 2344 6219
398 2622 3202 6222
2526 1514 2183 6223
3627 1030 1568 6225
908 3357 1961 6226
3561 1682 984 6227
959 1794 3477 6230
1698 3161 1372 6231
3088 347 2798 6233
2584 2735 915 6234
141 3427 2668 6236
2619 1747 1871 6237
3784 2242 212 6238
2756 871 2616 6243
1877 3666 701 6244
1636 2715 1894 6245
989 1600 3658 6247
3887 1369 992 6248
1966 1560 2724 6250
3477 1532 1242 6251
3450 950 1853 6253
1974 3590 690 6254
3583 2036 638 6257
1627 1411 3221 6259
2171 462 3627 6260
2406 2321 1534 6261
2688 1128 2446 6262
2920 1005 2338 6263
2075 449 3740 6264
1050 1746 3469 6265
2221 1885 2160 6266
2997 2481 790 6268
2788 1098 2383 6269
3898 999 1373 6270
1206 3043 2022 6271
2239 343 3690 6272
3554 1946 773 6273
1448 1717 3109 6274
3002 1252 2021 6275
3834 552 1891 6277
3168 1343 1767 6278
1943 2112 2224 6279
1259 2130 2894 6283
2473 559 3252 6284
2390 3198 697 6285
1069 3257 1961 6287
1926 3892 470 6288
706 3144 2440 6290
3577 1680 1034 6291
1581 3266 1446 6293
1020 2715 2562 6297
1762 2991 1545 6298
3027 2858 414 6299
2305 1760 2236 6301
3027 80 3195 6302
2020 3478 805 6303
2400 3895 9 6304
2681 3148 480 6309
1339 3048 1926 6313
1034 3615 1669 6318
142 3892 2285 6319
112 3446 2762 6320
847 3277 2197 6321
2395 3394 533 6322
214 3623 2486 6323
1948 2157 2219 6324
3496 2220 609 6325
1862 1236 3228 6326
977 3754 1596 6327
1524 2907 1897 6328
951 1608 3771 6330
2658 900 2773 6331
1478 1434 3420 6332
2630 1144 2560 6334
1398 2201 2737 6336
741 2683 2914 6338
1130 3750 1460 6340
1194 2836 2311 6341
1549 886 3908 6343
3909 2259 176 6344
2197 219 3930 6346
2237 1018 3093 6348
1626 3077 1646 6349
3750 900 1701 6351
1402 3313 1637 6352
1561 2192 2605 6358
2726 1060 2573 6359
1387 1015 3958 6360
2906 1015 2441 6362
3365 2693 305 6363
2108 641 3615 6364
3557 15 2793 6365
1243 3291 1832 6366
3289 3035 43 6367
231 2761 3376 6368
2796 2734 839 6369
1721 1851 2798 6370
981 3490 1901 6372
1155 1561 3657 6373
383 2848 3146 6377
469 3405 2506 6380
3107 1156 2120 6383
2096 2655 1633 6384
1526 3118 1742 6386
3595 363 2429 6387
3182 2504 703 6389
3547 543 2301 6391
1251 3873 1268 6392
2402 1893 2100 6395
1220 2688 2489 6397
3957 2232 210 6399
1222 3235 1943 6400
2575 3412 414 6401
2141 1585 2676 6402
2489 2360 1554 6403
411 2696 3298 6405
433 3840 2134 6407
2678 1533 2197 6408
3719 2427 263 6409
3478 1700 1233 6411
2165 393 3854 6412
3714 2625 74 6413
2203 1743 2472 6418
3204 593 2622 6419
3058 2216 1146 6420
424 3689 2308 6421
2261 415 3747 6423
386 2957 3081 6424
1136 3671 1618 6425
2375 970 3084 6429
757 3458 2215 6430
815 3044 2574 6433
3069 2311 1055 6435
2887 458 3091 6436
1237 3991 1213 6441
2534 1665 2244 6443
2166 758 3520 6444
1062 2124 3261 6447
3908 635 1905 6448
3939 1792 718 6449
1569 1608 3274 6451
3324 2849 279 6452
1822 1774 2857 6453
2270 2299 1885 6454
3461 2351 643 6455
1637 2266 2554 6457
1008 2812 2638 6458
10 3533 2916 6459
2292 3791 379 6462
1019 2028 3416 6463
1860 2528 2077 6465
2963 2381 1122 6466
1742 1769 2956 6467
2356 2764 1348 6468
2127 1686 2657 6470
2331 668 3474 6473
33 2716 3726 6475
1005 3594 1878 6477
393 3494 2592 6479
2243 1535 2702 6480
1610 3788 1083 6481
3195 1322 1966 6483
3283 3100 102 6485
149 3504 2833 6486
3240 1697 1551 6488
2568 3358 563 6489
2091 976 3423 6490
2921 2088 1483 6492
1407 1869 3217 6493
2410 2693 1392 6495
2581 2368 1548 6497
2706 220 3572 6498
433 2290 3779 6502
2407 2705 1391 6503
2058 2448 1999 6505
1411 2452 2643 6506
3659 2275 574 6508
2488 2165 1856 6509
3501 1344 1666 6511
3480 2636 397 6513
1732 1524 3259 6515
1833 3669 1014 6516
3915 1228 1374 6517
3233 2277 1009 6519
1506 1929 3085 6520
3759 812 1950 6521
2045 1654 2823 6522
2834 1610 2080 6524
2685 2865 975 6525
452 3622 2452 6526
915 3438 2174 6527
2294 2218 2016 6528
751 2705 3073 6529
2408 132 3991 6531
918 2014 3601 6533
1864 3191 1479 6534
1832 2571 2132 6535
2507 3665 364 6536
3133 2785 619 6537
3484 2569 486 6539
3833 1259 1448 6540
1267 2045 3229 6541
872 1853 3818 6543
2492 3277 775 6544
2836 2957 752 6545
2993 3332 221 6546
421 2921 3206 6548
3554 420 2575 6549
2138 3567 845 6550
3660 1430 1461 6551
1290 2157 3108 6555
935 2450 3172 6557
3787 706 2065 6558
1734 1627 3198 6559
2003 3090 1467 6560
1229 2652 2680 6561
1969 2990 1604 6563
971 3705 1888 6564
2985 3145 436 6566
3199 3236 132 6567
1965 754 3849 6568
108 3601 2860 6569
1982 811 3778 6571
3583 2655 338 6576
2461 290 3827 6578
805 3741 2033 6579
3235 341 3005 6581
730 2045 3807 6582
1658 2663 2262 6583
2640 3383 562 6585
2519 987 3081 6587
928 3302 2358 6588
3594 2266 730 6590
1805 2674 2112 6591
1389 2948 2256 6593
3278 1583 1734 6595
1866 2957 1773 6596
2266 2163 2169 6598
2409 2696 1494 6599
737 1937 3926 6600
1924 3828 850 6602
3560 1594 1451 6605
3799 2240 567 6606
3317 279 3012 6608
2737 2892 982 6611
3090 2283 1241 6614
2869 928 2818 6615
1119 2131 3366 6616
575 2463 3579 6617
2346 1542 2730 6618
1793 3622 1204 6619
261 3712 2647 6620
1309 1914 3399 6622
1686 3745 1192 6623
3359 1703 1562 6624
2827 1166 2632 6625
3544 1654 1429 6627
3147 1132 2349 6628
1318 3112 2200 6630
1344 3964 1325 6633
3601 425 2608 6634
1875 2474 2286 6635
2695 255 3686 6636
1049 1924 3664 6637
2213 2358 2069 6640
28 3952 2662 6642
3562 2246 835 6643
1930 2492 2222 6644
1210 1727 3708 6645
3591 2017 1038 6646
3965 1839 843 6647
3875 1946 827 6648
2472 2335 1842 6649
1351 2718 2581 6650
235 3815 2601 6651
3665 2293 694 6652
3398 832 2424 6654
3089 3224 342 6655
1295 1516 3845 6656
1411 2347 2900 6658
2002 897 3760 6659
3027 680 2953 6660
1594 3896 1171 6661
1284 2974 2404 6662
3519 2063 1081 6663
3230 682 2752 6664
3406 640 2620 6666
620 2706 3342 6668
11 3421 3237 6669
639 3124 2908 6671
2969 3439 264 6672
1405 2952 2316 6673
2524 2008 2142 6674
2682 3242 751 6675
3754 293 2629 6676
3194 2329 1154 6677
2634 3786 258 6678
1480 1944 3255 6679
3939 936 1805 6680
1274 1528 3879 6681
2058 1714 2910 6682
148 3563 2972 6683
2091 1461 3134 6686
3339 1887 1461 6687
2767 1739 2182 6688
1328 2077 3284 6689
236 2721 3734 6691
2516 3176 1000 6692
3082 1610 2001 6693
1825 3215 1654 6694
2361 2425 1909 6695
341 2466 3889 6696
1660 3306 1731 6697
655 3802 2241 6698
3424 1521 1754 6699
2140 1347 3213 6700
1728 1467 3506 6701
3870 640 2192 6702
785 2199 3719 6703
2270 721 3714 6705
2352 1825 2529 6706
1154 3049 2505 6708
1816 2282 2611 6709
571 2306 3833 6710
1476 2182 3053 6711
3419 1719 1575 6713
3266 3348 102 6716
1009 3773 1938 6720
2978 1896 1848 6722
2038 2621 2064 6723
3295 1739 1691 6725
2271 1133 3323 6727
2238 640 3850 6728
3214 1757 1758 6729
1612 2412 2708 6732
2434 3843 456 6733
3302 1806 1626 6734
3255 3263 217 6735
3050 2614 1072 6736
3824 234 2679 6737
3666 663 2411 6740
2598 3271 872 6741
1812 3857 1073 6742
437 2904 3402 6743
476 3640 2628 6744
2850 3810 85 6745
2774 3274 698 6746
2719 1112 2916 6747
2286 3042 1422 6750
514 3946 2291 6751
3551 2842 359 6752
3125 3526 102 6753
2440 2587 1728 6755
3804 132 2820 6756
1289 2821 2648 6758
1137 2756 2866 6759
3036 3682 43 6761
3791 1392 1580 6763
2410 887 3467 6764
2246 613 3906 6765
1611 1828 3327 6766
885 3845 2037 6767
2718 2850 1200 6768
2450 1774 2545 6769
3898 714 2160 6772
308 3892 2573 6773
395 3634 2745 6774
1913 1396 3467 6776
2607 3986 185 6778
3018 2657 1107 6782
2202 2452 2129 6783
641 3882 2262 6785
2409 1915 2462 6786
3379 2434 974 6787
2668 3860 260 6788
2631 372 3786 6789
2426 2659 1705 6790
1852 2368 2575 6795
2363 1932 2501 6796
3174 3391 232 6797
479 3242 3079 6800
3441 2446 914 6801
2458 3960 384 6802
3508 1256 2044 6808
1151 3386 2272 6809
424 2821 3566 6811
2467 1149 3196 6812
1855 2183 2775 6813
2652 1147 3015 6814
676 3226 2913 6815
3817 732 2268 6817
2725 2687 1406 6818
1643 3591 1588 6822
722 3863 2238 6823
137 2892 3795 6824
2428 2293 2104 6825
2004 3370 1452 6826
1765 3563 1499 6827
2623 582 3623 6828
3286 1176 2367 6829
1316 2769 2745 6830
472 3432 2927 6831
1091 3211 2530 6832
1694 3656 1483 6833
2854 3123 857 6834
3208 827 2802 6837
625 2584 3629 6838
1813 1973 3053 6839
3403 2333 1104 6840
1485 1643 3715 6843
613 2378 3854 6845
1049 2723 3074 6846
3804 2804 239 6847
409 2485 3954 6848
1517 3578 1754 6849
2124 2766 1960 6850
2958 2706 1187 6851
3418 2454 980 6852
2412 1780 2661 6853
3858 910 2088 6856
3160 1131 2566 6857
3354 2389 1119 6862
1726 3194 1946 6866
2349 1291 3228 6868
2144 3723 1002 6869
2395 613 3862 6870
2483 2239 2149 6871
386 3393 3094 6873
1678 1722 3474 6874
3568 2833 474 6875
3620 3124 132 6876
3781 1581 1515 6877
3445 1527 1906 6878
1792 1145 3942 6879
1842 1157 3882 6881
508 2794 3580 6882
1600 2725 2560 6885
3763 1122 2004 6889
2293 3978 619 6890
1706 3789 1396 6891
3911 214 2768 6893
3551 1696 1648 6895
2772 3930 194 6896
3200 1324 2375 6899
1323 2657 2920 6900
1940 1210 3751 6901
1245 2821 2837 6903
2402 3998 504 6904
2878 3120 907 6905
2452 3581 873 6906
2476 1072 3359 6907
761 3501 2646 6908
3281 2573 1055 6909
857 3288 2766 6911
3216 1827 1870 6913
2403 608 3903 6914
1116 2459 3342 6917
2942 2764 1212 6918
550 3745 2624 6919
2926 1560 2436 6922
3421 1425 2079 6925
2986 3388 553 6927
328 2891 3711 6930
2105 1951 2875 6931
1920 3059 1955 6934
1931 2649 2355 6935
673 2806 3457 6936
3308 2796 834 6938
3075 1653 2213 6941
2501 3393 1048 6942
3136 38 3769 6943
1862 3746 1337 6945
2540 895 3511 6946
2800 3391 756 6947
2874 501 3574 6949
3519 1821 1610 6950
2907 1533 2512 6952
2544 3904 505 6953
2658 922 3376 6956
3023 74 3860 6957
2089 2875 1994 6958
2686 2353 1920 6959
3243 2927 790 6960
2512 1533 2916 6961
3705 1582 1675 6962
704 3250 3010 6964
1003 3388 2575 6966
306 2804 3857 6967
702 2570 3696 6968
439 3519 3013 6971
2334 3996 642 6972
1843 2324 2806 6973
2031 2644 2299 6974
3086 3599 290 6975
746 2964 3266 6976
201 3038 3741 6980
2761 2251 1969 6981
3745 1981 1256 6982
1462 2560 2961 6983
3876 1900 1209 6985
159 2864 3965 6988
2032 3003 1955 6990
2835 3570 586 6991
3243 3405 347 6995
1419 3365 2212 6996
456 2725 3817 6998
2593 2027 2380 7000
2571 3447 983 7001
242 3018 3742 7002
3793 757 2455 7005
3641 943 2422 7006
3464 1413 2130 7007
3799 440 2769 7008
2311 805 3893 7009
2337 1757 2917 7011
2325 3222 1465 7012
2392 2153 2470 7015
3554 2897 566 7017
338 3248 3434 7020
2694 3852 475 7021
3674 1256 2093 7023
3185 3152 688 7025
3656 2364 1007 7027
945 3702 2381 7028
1977 2906 2146 7029
1570 2911 2549 7030
684 2628 3719 7031
636 3277 3120 7033
2185 1822 3027 7034
373 2666 3999 7038
2523 3557 960 7040
2040 1239 3762 7041
428 3049 3566 7043
2901 1715 2432 7048
805 2612 3632 7049
2681 2041 2328 7050
2296 2562 2193 7051
3141 3644 267 7052
23 3877 3155 7055
1020 3095 2941 7056
3883 1864 1312 7059
3360 3450 252 7062
3997 2005 1062 7064
128 3418 3519 7065
3352 112 3602 7066
968 2721 3378 7067
3669 1568 1832 7069
1713 1643 3716 7072
3964 3044 66 7074
776 3897 2403 7076
3253 1138 2687 7078
2709 2814 1556 7079
626 3278 3176 7080
221 3241 3619 7081
1250 2710 3122 7082
248 3074 3761 7083
2766 981 3337 7084
815 2867 3405 7087
2719 3521 848 7088
1903 2227 2959 7089
1210 1882 3998 7090
481 2693 3918 7092
2745 368 3980 7093
3140 38 3918 7096
2831 2230 2036 7097
3143 3324 631 7098
1511 2166 3424 7101
1015 3299 2788 7102
2463 3965 675 7103
3606 841 2657 7104
1643 2176 3287 7106
1778 3837 1493 7108
3443 2248 1418 7109
3393 2029 1688 7110
2502 1852 2757 7111
3530 2568 1014 7112
3120 433 3563 7116
3319 3568 232 7119
2953 903 3266 7122
984 3458 2682 7124
1530 1664 3932 7126
962 2527 3638 7127
2510 3825 794 7129
621 3802 2708 7131
541 3277 3314 7132
2764 941 3428 7133
1975 3650 1509 7134
3242 949 2944 7135
2518 3171 1447 7136
637 3040 3460 7137
2798 2872 1468 7138
1759 2301 3079 7139
2746 3908 486 7140
2474 2826 1841 7141
3830 12 3300 7142
912 2961 3270 7143
3653 1565 1926 7144
1618 1802 3725 7145
1815 2368 2964 7147
3203 1664 2281 7148
1990 3799 1360 7149
3523 747 2880 7150
3399 432 3323 7154
3880 529 2746 7155
765 3346 3046 7157
2735 1335 3088 7158
3300 340 3519 7159
1598 2736 2826 7160
3702 2666 793 7161
3906 1631 1627 7164
3447 3503 215 7165
3022 2787 1357 7166
2283 3689 1195 7167
2111 3313 1746 7170
3569 724 2879 7172
3983 3122 71 7176
2320 3093 1764 7177
3699 1522 1957 7178
2145 1810 3225 7180
2235 1870 3077 7182
2687 1471 3025 7183
3016 3134 1034 7184
3164 3779 242 7185
151 3104 3934 7189
1856 2098 3236 7190
1696 1897 3598 7191
3557 2425 1210 7192
3282 2997 914 7193
2284 1885 3025 7194
1543 3779 1873 7195
3242 1016 2938 7196
3213 3932 54 7199
3237 2524 1439 7200
1048 2652 3501 7201
2005 3127 2071 7203
3698 2650 857 7205
893 3837 2476 7206
3271 2637 1299 7207
2174 1108 3926 7208
1152 3335 2723 7210
2950 1453 2808 7211
3207 3116 889 7212
3057 3996 163 7216
2347 2500 2371 7218
2527 2194 2498 7219
1032 3084 3106 7222
1621 3676 1927 7224
2937 3392 896 7225
3878 2004 1344 7226
1256 2104 3870 7230
2869 2739 1623 7231
2388 2989 1857 7234
3996 1281 1959 7236
1909 1366 3962 7237
867 3049 3322 7238
2102 2355 2782 7239
2325 2145 2771 7241
2501 1019 3722 7242
3126 837 3281 7244
3589 2012 1645 7246
683 3799 2765 7247
1943 2163 3142 7248
1826 2283 3140 7249
3828 185 3237 7250
3033 2243 1975 7251
2825 490 3938 7253
3787 2341 1127 7255
1354 2223 3680 7257
2110 1641 3507 7258
1209 2295 3757 7261
2515 1585 3162 7262
3820 562 2882 7264
3046 3096 1123 7265
3343 3469 458 7270
3042 2291 1939 7272
3050 3376 847 7273
3064 3308 902 7274
1996 3946 1334 7276
3063 579 3635 7277
3819 1908 1551 7278
3114 235 3930 7279
2051 3978 1251 7280
955 3586 2742 7283
2056 2179 3050 7285
2102 1388 3796 7286
1848 2923 2516 7287
1259 2943 3086 7288
754 3004 3533 7291
2573 1929 2797 7299
3718 3401 181 7300
534 3996 2772 7302
2370 938 3995 7303
2503 1890 2914 7307
3259 3030 1020 7309
3754 73 3483 7310
785 3696 2830 7311
3633 731 2949 7313
2351 2801 2162 7314
1700 3576 2039 7315
3017 1007 3293 7317
1513 3725 2083 7321
1577 3367 2378 7322
2436 2384 2503 7323
2195 2806 2323 7324
1916 3739 1670 7325
3684 1781 1862 7327
1081 3627 2620 7328
3209 694 3426 7329
2469 2715 2147 7331
2505 3584 1243 7332
3399 2063 1874 7336
3106 1889 2342 7337
3602 2852 884 7338
173 3304 3862 7339
2884 2689 1769 7342
2948 868 3528 7344
3539 1132 2679 7350
1292 2118 3941 7351
2385 3282 1685 7352
693 3423 3237 7353
3892 1449 2013 7354
1250 2273 3832 7355
3167 1780 2410 7357
2385 1374 3600 7359
3586 432 3342 7360
3261 2665 1435 7361
3173 1795 2394 7362
3097 3461 805 7363
641 3457 3266 7364
451 3771 3143 7365
3309 3769 290 7368
3215 3548 608 7371
3422 2755 1195 7372
934 2770 3669 7373
2816 1745 2815 7376
3251 3620 507 7378
3292 3322 765 7379
3589 714 3077 7380
2788 3483 1110 7381
2904 1192 3286 7382
2026 3597 1760 7383
1319 2949 3116 7384
2206 2183 2997 7386
3767 1422 2200 7389
2694 2595 2106 7395
522 3989 2885 7396
3014 1476 2908 7398
2118 2437 2844 7399
2087 1710 3606 7403
619 2916 3869 7404
1802 3584 2026 7412
3114 3956 343 7413
3825 2074 1515 7414
3514 2772 1135 7421
878 3629 2915 7422
341 3690 3392 7423
3621 468 3335 7424
3410 3619 396 7425
2826 2204 2396 7426
3393 2425 1609 7427
2954 707 3769 7430
3584 3671 176 7431
2125 3713 1594 7432
3727 328 3378 7433
3438 3590 406 7434
3406 2841 1189 7436
3895 3115 428 7438
1949 3718 1773 7440
556 3316 3569 7441
2766 1029 3647 7442
3184 2840 1420 7444
2986 2367 2092 7445
2488 2102 2856 7446
3910 1016 2523 7449
3706 865 2879 7450
3223 3082 1146 7451
3079 3570 804 7453
2973 3426 1056 7455
3597 2102 1757 7456
1914 3016 2528 7458
3473 1305 2681 7459
3931 503 3026 7460
3566 79 3816 7461
1143 3972 2348 7463
2525 3971 968 7464
945 3446 3076 7467
3614 570 3284 7468
3388 1102 2982 7472
1119 3571 2783 7473
3792 873 2809 7474
3628 2190 1657 7475
3676 1586 2215 7477
3409 908 3162 7479
2580 3879 1021 7480
2917 790 3774 7481
3604 2623 1256 7483
2809 1407 3270 7486
3963 501 3023 7487
3134 1725 2630 7489
3181 3378 932 7491
2311 2960 2224 7495
1941 3059 2496 7496
3734 595 3168 7497
3646 1869 1983 7498
2793 3653 1058 7504
2946 3113 1446 7505
792 3624 3090 7506
2661 3241 1605 7507
3655 2923 930 7508
3754 2334 1421 7509
426 3788 3296 7510
3072 1616 2824 7512
3964 2695 855 7514
3976 397 3144 7517
3555 771 3194 7520
1465 3887 2170 7522
3285 3184 1054 7523
1073 2569 3882 7524
1071 3673 2781 7525
3672 3427 427 7526
3857 472 3199 7528
2051 1596 3882 7529
3248 2476 1806 7530
781 3916 2834 7531
3972 1562 1998 7532
3435 699 3399 7533
3603 256 3675 7534
877 2724 3934 7535
1411 3272 2853 7536
1014 3283 3241 7538
623 3615 3301 7539
987 3026 3527 7540
1556 2969 3016 7541
249 3789 3504 7542
1455 3215 2873 7543
1644 3666 2234 7544
694 3545 3307 7546
1499 3907 2141 7547
2688 3829 1031 7548
3656 2212 1681 7549
2425 3465 1662 7552
3354 1128 3072 7554
2428 3563 1564 7555
3517 2998 1041 7556
1671 2520 3368 7559
541 3661 3358 7560
3038 1904 2620 7562
2103 2640 2820 7563
914 3170 3481 7565
3100 1866 2600 7566
3629 2568 1370 7567
3659 1244 2665 7568
1100 3044 3426 7570
3448 1629 2497 7574
2626 3006 1943 7575
3416 2279 1881 7576
1911 3128 2538 7577
2700 889 3989 7578
1753 3265 2562 7580
682 3290 3609 7581
2557 3294 1732 7583
2253 3326 2005 7584
2147 2958 2481 7586
1176 2599 3812 7587
3874 94 3620 7588
3482 2122 1986 7590
2089 3618 1884 7591
3766 834 2992 7592
2059 3984 1550 7593
1103 3210 3281 7594
1772 3152 2671 7595
1222 3532 2842 7596
3859 1581 2158 7598
696 3485 3418 7599
1805 1920 3875 7600
1165 3268 3168 7601
1864 2574 3165 7603
3234 3215 1156 7605
1559 2553 3494 7606
1857 2965 2786 7608
3791 1615 2203 7609
3188 3138 1284 7610
2590 1339 3682 7611
1335 2439 3838 7612
1740 2702 3171 7613
1006 2857 3753 7616
1079 2675 3866 7620
3504 785 3332 7621
2989 2614 2019 7622
620 3586 3417 7623
2364 1361 3900 7625
3899 1825 1902 7626
3156 2671 1800 7627
1975 3363 2290 7628
3858 2146 1625 7629
1579 2563 3490 7632
2051 3953 1629 7633
1330 2939 3367 7636
1964 3756 1918 7638
811 2993 3835 7639
2928 1533 3179 7640
2332 1529 3780 7641
3953 2134 1555 7642
2756 3594 1293 7643
525 3139 3981 7645
3650 486 3510 7646
3529 587 3531 7647
3795 2099 1754 7648
1367 2446 3837 7650
2332 3800 1519 7651
459 3211 3982 7652
813 3722 3119 7654
3908 2613 1134 7655
3493 336 3833 7662
2540 1440 3684 7664
2617 3714 1334 7665
3487 600 3580 7667
418 3891 3360 7669
3209 3224 1240 7673
3448 1437 2789 7674
3182 1830 2663 7675
2966 1641 3069 7676
2509 1320 3849 7678
3091 1317 3271 7679
1655 2659 3369 7683
3201 678 3805 7684
3124 3152 1410 7686
1332 3566 2790 7688
3403 2300 1990 7693
3682 1069 2945 7696
2355 2252 3092 7699
2722 3830 1150 7702
3531 2333 1840 7704
2882 2796 2027 7705
2318 3898 1491 7707
1684 2677 3348 7709
1975 2605 3130 7710
3676 1679 2356 7711
3424 1383 2907 7714
1549 3476 2690 7715
3397 1368 2951 7716
3943 908 2868 7719
3935 1410 2378 7723
3155 2540 2029 7724
3159 2100 2466 7725
745 3663 3320 7728
3731 3142 857 7730
2227 2177 3329 7733
3190 3503 1044 7737
1098 2804 3836 7738
1817 3504 2422 7743
3171 768 3805 7744
1620 2193 3933 7746
2158 3886 1703 7747
3266 3442 1044 7752
3779 61 3913 7753
3025 2750 1979 7754
3517 2643 1595 7755
2393 3126 2237 7756
3961 3356 440 7757
1228 3327 3205 7760
2411 2338 3018 7767
2429 2459 2880 7768
3105 2158 2508 7771
948 3272 3553 7773
3801 1815 2158 7774
3467 1372 2936 7775
2520 3937 1319 7776
832 3330 3618 7780
2089 3852 1841 7782
1534 3704 2545 7783
1887 3209 2688 7784
3575 279 3931 7785
3857 3681 249 7787
1870 3295 2625 7790
3530 3674 588 7792
2061 2240 3495 7796
3168 3592 1042 7802
3626 2900 1277 7803
2698 1280 3826 7804
3437 941 3429 7807
817 3146 3847 7810
2673 2640 2498 7811
3182 3543 1088 7813
3420 3091 1304 7815
2641 2427 2748 7816
2285 1831 3708 7824
1638 3667 2520 7825
3789 3548 489 7826
1695 3102 3030 7827
3572 2977 1279 7828
3455 3214 1160 7829
3545 771 3514 7830
3109 3726 996 7831
3612 1446 2774 7832
2921 1982 2934 7837
3925 3614 299 7838
2508 2249 3086 7843
3268 1420 3160 7848
3107 3137 1609 7853
3142 2882 1830 7854
3598 2726 1531 7855
2990 3024 1844 7858
3462 3844 553 7859
2512 3558 1790 7860
2342 3931 1588 7861
3647 3470 745 7862
3018 1648 3197 7863
3236 1770 2858 7864
3224 3481 1165 7870
3628 3945 298 7871
3970 2416 1488 7874
2474 1953 3448 7875
1487 3512 2877 7876
3259 3527 1091 7877
3930 3461 492 7883
3506 2547 1831 7884
3980 3822 84 7886
3885 552 3450 7887
3192 2120 2577 7889
3621 1326 2943 7890
3986 2282 1623 7891
3102 2348 2442 7892
2034 3525 2334 7893
3903 3892 100 7895
3323 3978 595 7896
3045 3546 1307 7898
979 3770 3155 7904
2605 2708 2592 7905
2494 3221 2192 7907
2636 3037 2235 7908
3113 1478 3318 7909
2603 2523 2793 7919
1575 3890 2456 7921
3014 1403 3507 7924
3152 3103 1670 7925
1821 3641 2468 7930
3508 932 3492 7932
3736 1835 2363 7934
1134 3523 3278 7935
2788 2185 2964 7937
3071 1027 3845 7943
345 3619 3980 7944
3325 2308 2313 7946
3437 2028 2485 7950
2041 3394 2516 7951
3465 1464 3023 7952
1326 3441 3190 7957
1521 3013 3424 7958
3830 277 3852 7959
1720 3186 3054 7960
3743 3416 802 7961
3312 1989 2666 7967
2943 2682 2343 7968
3481 2770 1718 7969
3227 2048 2695 7970
2890 1627 3456 7973
3055 2578 2342 7975
3781 1900 2296 7977
3739 3417 822 7978
2683 2520 2776 7979
3835 2084 2061 7980
2928 2912 2142 7982
3147 942 3895 7984
1861 2766 3359 7986
1514 3000 3473 7987
1977 2091 3920 7988
3565 578 3846 7989
1443 3341 3211 7995
3159 1220 3622 8001
2992 1158 3853 8003
2721 2401 2883 8005
2687 3841 1478 8006
1483 3358 3170 8011
2993 3101 1918 8012
3754 3022 1237 8013
3957 429 3628 8014
1047 3735 3233 8015
374 3866 3776 8016
2494 2911 2616 8021
1341 3277 3412 8030
3848 1321 2864 8033
414 3662 3960 8036
3974 3818 246 8038
3193 3907 939 8039
3486 1287 3268 8041
3964 3587 491 8042
1786 2860 3397 8043
1055 3939 3051 8045
3559 1804 2683 8046
765 3949 3336 8050
3525 1915 2613 8053
2250 2404 3400 8054
3229 1595 3231 8055
2878 2356 2822 8056
2272 2740 3045 8057
3827 552 3679 8058
1987 2809 3263 8059
2597 1743 3720 8060
1363 3217 3482 8062
3549 3732 784 8065
2674 1708 3684 8066
874 3510 3683 8067
3989 1795 2284 8068
3527 2038 2504 8069
3543 3285 1242 8070
3066 3521 1484 8071
3783 3247 1042 8072
3972 3412 690 8074
2714 2445 2917 8076
1306 2822 3951 8079
2179 2349 3552 8080
2077 3663 2347 8087
3074 1030 3984 8088
3038 3078 1975 8091
2829 2970 2296 8095
3050 2207 2839 8096
3700 3317 1080 8097
2936 3019 2143 8098
3229 2648 2222 8099
3958 3250 892 8100
2678 2041 3382 8101
1910 3987 2205 8102
3520 2137 2447 8104
869 3345 3891 8105
3403 2153 2551 8107
1175 3031 3903 8109
3239 3250 1621 8110
2356 2258 3497 8111
3933 612 3567 8112
1134 3446 3533 8113
1058 3864 3194 8116
891 3627 3608 8126
1610 3214 3303 8127
3572 3305 1253 8130
2493 1890 3751 8134
1032 3239 3867 8138
3712 1757 2671 8140
2367 2551 3228 8146
3890 3059 1199 8148
2376 3501 2274 8151
3157 1505 3490 8152
3282 2905 1966 8153
3140 3864 1150 8154
3078 3233 1844 8155
3957 2546 1653 8156
1823 3399 2935 8157
2230 3527 2401 8158
3863 3402 895 8160
3699 1410 3052 8161
3829 1637 2697 8163
2599 1755 3818 8172
2140 3003 3031 8174
3163 2344 2669 8176
2872 3449 1857 8178
3514 3919 748 8181
2306 2455 3421 8182
2918 2380 2885 8183
1128 3304 3753 8185
3038 1308 3840 8186
1313 3340 3534 8187
2593 2918 2678 8189
602 3998 3592 8192
948 3862 3383 8193
1775 3310 3109 8194
2853 1972 3370 8195
3224 2564 2408 8196
3436 906 3855 8197
3709 3239 1250 8198
2511 3238 2450 8199
1290 3503 3407 8200
3120 1425 3660 8205
1364 3626 3217 8207
3750 3244 1214 8208
2058 3517 2634 8209
3043 1716 3451 8210
3733 2126 2352 8211
3670 3760 782 8212
3908 2294 2011 8213
2627 2048 3539 8214
3972 942 3301 8215
1315 3357 3552 8224
3294 2290 2642 8226
3969 3646 612 8227
1712 3947 2569 8228
3903 2626 1701 8230
3695 541 3995 8231
3837 2644 1752 8233
3728 1225 3281 8234
2666 1780 3789 8235
3933 1755 2549 8237
3851 1446 2941 8238
3106 2754 2381 8241
3563 3866 815 8244
1956 3241 3049 8246
2334 2581 3344 8259
2650 3117 2497 8264
3525 2171 2569 8265
3666 2770 1830 8266
3868 1713 2687 8268
1542 2797 3933 8272
2406 2419 3457 8282
3193 3390 1700 8283
2945 1466 3873 8284
3852 1535 2898 8285
1955 3833 2502 8290
2589 3952 1750 8291
740 3788 3768 8296
1697 3484 3116 8297
3867 1172 3260 8299
3720 2843 1739 8302
2940 2787 2576 8303
1584 3755 2965 8304
1741 2650 3917 8308
2872 3850 1587 8309
887 3454 3969 8310
3923 2268 2120 8311
2482 3994 1839 8315
3373 1375 3568 8316
2569 3208 2548 8325
1915 2988 3425 8328
3802 1669 2859 8330
3974 1998 2361 8333
2873 2573 2889 8335
2635 1754 3954 8343
3858 3036 1453 8347
1884 3933 2532 8349
3725 3169 1456 8350
2069 3344 2938 8351
3470 2710 2173 8353
3291 3937 1127 8355
3917 1515 2926 8358
3011 1393 3956 8360
983 3527 3854 8364
3726 2268 2371 8365
920 3448 3999 8367
2108 2498 3762 8368
2447 2755 3167 8369
3258 2039 3073 8370
3735 1254 3388 8377
3050 1742 3587 8379
1794 2962 3625 8381
3571 3094 1725 8390
3176 1353 3863 8392
3099 2343 2951 8393
1438 3615 3342 8395
3255 3727 1414 8396
2823 3348 2226 8397
2658 2167 3574 8399
2946 2150 3306 8402
3050 2191 3164 8405
3234 2765 2408 8407
1646 3846 2918 8410
3887 2369 2155 8411
3811 1288 3313 8412
3592 2487 2334 8413
1666 3704 3046 8416
3085 2456 2877 8418
1549 2878 3992 8419
3762 2969 1689 8420
3382 2377 2666 8425
3707 3764 956 8427
2620 3703 2108 8431
2540 3018 2876 8434
1391 3159 3888 8438
3546 3810 1083 8439
3731 2853 1858 8442
2267 2998 3178 8443
3960 1619 2866 8445
2787 3311 2348 8446
3944 559 3953 8456
3175 2262 3023 8460
3993 581 3887 8461
2810 2300 3352 8462
1900 3655 2910 8465
2476 2126 3867 8469
3681 2869 1922 8472
3063 3549 1866 8478
1571 3693 3215 8479
2553 3388 2539 8480
675 3946 3861 8482
2950 1942 3591 8483
3822 2328 2336 8486
2930 1684 3873 8487
2675 3875 1938 8488
3920 2115 2455 8490
2426 2955 3110 8491
3570 3524 1398 8492
1579 3129 3785 8493
2253 3365 2877 8495
3511 1529 3461 8501
2646 1883 3973 8502
2293 2666 3545 8504
2532 2419 3555 8506
2120 2880 3507 8507
1859 3223 3426 8508
2516 2517 3476 8509
3168 3016 2326 8510
2578 2498 3436 8512
2723 2067 3727 8517
3341 2615 2562 8518
1978 3265 3276 8519
3924 2067 2529 8520
3357 2718 2446 8521
1818 3415 3290 8523
3863 3216 1449 8528
3894 1278 3358 8530
3871 1137 3529 8537
1068 3992 3478 8538
2726 3646 2169 8541
3163 3766 1613 8542
3488 2243 2814 8545
2531 3599 2416 8546
2742 2682 3127 8551
3734 3918 901 8553
2966 2556 3032 8554
2369 2204 3982 8555
3387 3188 1982 8557
3862 2971 1726 8559
3892 3641 1027 8560
2440 3967 2154 8561
3683 2660 2221 8564
3877 3372 1317 8566
2927 3075 2571 8573
1176 3536 3870 8582
3311 3802 1471 8584
1751 2928 3907 8586
3385 2787 2416 8588
3595 3129 1867 8591
3058 2954 2580 8592
2581 2412 3603 8596
3661 1590 3347 8598
3949 1481 3169 8599
3450 1640 3510 8600
3600 2407 2595 8602
2204 2949 3453 8606
2116 3171 3323 8610
2367 3248 2997 8612
3916 1244 3454 8614
2744 3623 2251 8618
2919 3427 2278 8624
2375 3230 3020 8625
2441 2759 3427 8627
3850 3209 1574 8633
3115 1590 3929 8634
3861 3043 1736 8640
2278 3839 2525 8642
3926 1603 3118 8647
3169 3495 1987 8651
3206 3088 2360 8654
3059 2377 3219 8655
3127 2297 3237 8661
3392 2437 2834 8663
3575 3421 1671 8667
3030 1988 3653 8671
1150 3551 3972 8673
2901 2588 3187 8676
1334 3589 3756 8679
2217 2906 3557 8680
3607 2363 2711 8681
3941 2129 2612 8682
3327 1580 3776 8683
1129 3900 3658 8687
2753 3821 2114 8688
2901 3871 1917 8689
3614 2660 2417 8691
3409 3107 2176 8692
1349 3398 3947 8694
2019 3074 3602 8695
2085 3637 2976 8698
2842 3199 2658 8699
2608 3703 2390 8701
3500 3031 2172 8703
2567 2584 3555 8706
2169 2594 3947 8710
1444 3653 3618 8715
2958 1869 3891 8718
1679 3058 3983 8720
2444 3564 2716 8724
1665 3317 3743 8725
1386 3727 3613 8726
1825 3335 3569 8729
2012 3803 2916 8731
3252 3857 1624 8733
2901 2406 3427 8734
1881 3726 3128 8735
2284 3994 2458 8736
3215 3736 1786 8737
1480 3755 3503 8738
3291 3274 2176 8741
2108 3350 3284 8742
2455 2851 3437 8743
2696 2749 3302 8747
1227 3843 3679 8749
2559 3824 2368 8751
3105 3295 2352 8752
3673 1743 3337 8753
2101 3093 3563 8757
3697 3116 1946 8759
3933 3052 1779 8764
3553 2825 2387 8765
3778 2918 2082 8778
2996 3482 2301 8779
3484 2260 3042 8786
3529 3840 1418 8787
3232 3578 1980 8790
2734 3155 2904 8793
1542 3903 3349 8794
3779 3289 1728 8796
1250 3554 3994 8798
3900 2647 2256 8803
3591 2192 3026 8809
3138 3346 2328 8812
3345 2464 3005 8814
2051 3610 3157 8818
3328 2958 2533 8819
2326 3689 2806 8821
3362 2811 2654 8827
2788 2164 3877 8829
2995 3805 2033 8833
3326 3255 2259 8840
2497 3760 2586 8843
2173 3303 3372 8848
3745 3033 2073 8851
3656 2882 2318 8856
2631 2374 3852 8857
1700 3494 3664 8858
2469 3411 2979 8859
1379 3894 3592 8865
2211 3660 2996 8867
2018 3110 3741 8869
3479 3334 2058 8871
3802 2296 2776 8874
2781 3038 3057 8876
2486 2473 3918 8877
2335 3960 2584 8879
3321 3071 2488 8880
3406 2347 3130 8883
2460 2569 3857 8886
2064 3770 3058 8892
3571 3690 1633 8894
3941 2652 2306 8899
3753 2120 3027 8900
2216 2930 3755 8901
2282 3861 2761 8904
3967 3256 1684 8907
2508 3273 3130 8911
3009 3970 1933 8912
3829 1123 3961 8913
2070 3753 3091 8914
3059 2421 3435 8915
3792 1963 3161 8916
3798 2507 2614 8919
3223 3122 2575 8920
3625 3531 1766 8922
2109 3916 2898 8923
1931 3136 3857 8924
3574 1940 3411 8925
3799 3382 1747 8928
3812 3594 1524 8930
3784 3267 1883 8934
3147 2946 2844 8937
3790 2934 2216 8940
2260 3972 2709 8941
2656 2579 3709 8944
3396 1919 3630 8945
3067 2001 3879 8947
2802 2305 3842 8949
1191 3810 3949 8950
3850 3867 1237 8954
3533 2329 3094 8956
3704 2467 2788 8959
2481 3272 3208 8961
3605 1535 3823 8963
1355 3878 3732 8965
2218 3696 3055 8969
1323 3758 3890 8971
2553 3410 3009 8972
2593 3624 2756 8973
1986 3961 3027 8974
3107 2260 3610 8977
3725 2848 2405 8978
2951 3668 2361 8980
2087 3602 3293 8982
2327 3271 3386 8984
3549 1620 3816 8985
2745 3798 2443 8986
2853 2453 3686 8992
3010 3112 2872 8994
3888 2848 2259 8995
2645 3046 3306 8997
3736 1327 3935 8998
3011 3363 2630 9004
3613 3649 1745 9007
2024 3849 3135 9008
3279 3535 2198 9012
3672 3865 1476 9013
3189 2550 3289 9028
3823 3809 1397 9029
3994 2117 2919 9030
1393 3853 3788 9034
3075 3664 2296 9035
2932 2333 3778 9043
3937 2112 2998 9047
3254 3706 2090 9050
1522 3897 3632 9051
3424 3969 1662 9055
3520 2324 3212 9056
3502 3458 2097 9057
2823 3405 2833 9061
1545 3980 3542 9067
2681 3857 2530 9068
3439 2407 3223 9069
3510 3040 2523 9073
3488 3324 2266 9078
2395 3220 3465 9080
1745 3411 3926 9082
2354 3920 2812 9086
2932 2331 3824 9087
3313 3595 2185 9093
3193 2155 3758 9106
2116 3328 3663 9107
3223 2043 3843 9109
3870 1970 3276 9116
3468 3233 2416 9117
3448 3939 1734 9121
2612 3154 3362 9128
3865 2659 2606 9130
2646 2953 3532 9131
3344 3443 2346 9133
2205 3836 3093 9134
3046 2270 3819 9135
3880 2760 2496 9136
3007 3869 2262 9138
2561 3274 3308 9143
3744 2170 3234 9148
3487 3938 1728 9153
3948 3768 1438 9154
3563 1983 3622 9168
2850 3913 2407 9170
3846 1876 3452 9174
3518 2020 3641 9179
3591 3615 1980 9186
3846 2048 3294 9188
3487 2216 3486 9189
2404 3478 3309 9191
2775 2855 3563 9193
2397 3272 3527 9196
3609 3830 1759 9198
1523 3851 3826 9200
3218 2298 3691 9207
3570 2274 3364 9208
3001 3073 3135 9209
2549 3533 3128 9210
3226 3078 2910 9214
2986 3235 2995 9216
3277 1968 3974 9219
1806 3918 3497 9221
3693 1682 3873 9248
1682 3774 3793 9249
3304 3948 1999 9251
3633 1945 3675 9253
2999 3243 3012 9254
3518 1813 3926 9257
3889 3040 2331 9260
3897 1882 3485 9264
3568 2721 2976 9265
1821 3697 3757 9275
2576 3867 2834 9277
3017 3608 2658 9283
2476 3245 3565 9286
3617 2779 2894 9290
2984 3546 2763 9293
3476 2598 3224 9298
3314 2112 3874 9300
2770 3405 3128 9303
2086 3253 3965 9304
2633 2972 3700 9305
2857 3517 2934 9308
3010 3490 2811 9311
3010 3827 2476 9313
3655 1678 3986 9319
3820 1660 3840 9320
3472 3787 2062 9321
1675 3872 3777 9324
2586 3894 2845 9325
3112 2679 3535 9326
2156 3697 3492 9345
2111 3510 3727 9348
3996 2964 2392 9352
3215 2553 3585 9353
3442 3579 2335 9356
1647 3919 3791 9357
2308 3286 3765 9359
3972 1583 3806 9361
3117 2354 3899 9370
3315 3839 2219 9373
3068 3112 3195 9375
3376 2704 3296 9376
3164 3589 2629 9382
2566 3844 2974 9384
3166 3547 2680 9393
3480 3310 2605 9395
3198 2493 3706 9397
2225 3971 3202 9398
2946 3112 3346 9404
3579 3710 2117 9406
3740 3921 1746 9407
2645 3855 2908 9408
3489 3366 2554 9409
2897 3014 3507 9418
3490 2965 2973 9428
3648 3935 1847 9430
2568 2887 3976 9431
3924 2363 3146 9433
2907 3117 3411 9435
3097 2764 3576 9437
3363 3215 2861 9439
2634 3027 3782 9443
3097 3779 2573 9449
1854 3741 3856 9451
3533 2006 3913 9452
3237 3578 2641 9456
3766 2956 2741 9463
3273 3114 3078 9465
2769 3298 3399 9466
3017 3592 2862 9471
2756 3628 3092 9476
3723 2269 3485 9477
3399 3545 2539 9483
1670 3967 3847 9484
3792 3366 2329 9487
3926 3051 2511 9488
1554 3970 3971 9495
3240 3332 2926 9498
3432 2885 3183 9500
2782 3369 3358 9509
3930 2358 3224 9512
3471 3627 2416 9514
3324 2260 3935 9519
3663 3805 2053 9521
2062 3923 3537 9522
3887 2020 3618 9525
2610 3336 3581 9527
3996 3151 2382 9529
3635 2376 3527 9538
3854 3973 1713 9540
2594 3570 3377 9541
3226 3104 3212 9542
3192 2434 3919 9545
2685 3206 3655 9546
3579 3246 2733 9558
3388 3746 2425 9559
3502 2971 3105 9578
2453 3303 3826 9582
3751 3417 2423 9591
3622 2151 3820 9593
2450 3182 3969 9601
2555 3275 3773 9603
2109 3544 3959 9612
3355 2651 3617 9623
3509 3238 2877 9624
3153 3990 2482 9625
3597 3771 2260 9628
3803 2666 3173 9642
3072 3610 2962 9644
3946 3938 1765 9649
3993 3110 2547 9650
3830 3515 2308 9653
3722 3072 2860 9654
3855 3076 2725 9656
3111 3728 2822 9661
3613 3476 2576 9665
3995 1998 3680 9673
2703 3572 3404 9679
3014 3922 2748 9684
2153 3698 3835 9686
2942 3313 3435 9690
2296 3988 3421 9705
3961 2286 3461 9708
2511 3428 3782 9721
3601 3813 2311 9725
3251 3591 2884 9726
1821 3924 3984 9729
3744 2302 3686 9732
2782 3831 3136 9749
3518 2670 3578 9766
2917 2976 3877 9770
3528 2835 3412 9775
3876 3170 2731 9777
2465 3612 3702 9779
3462 2783 3536 9781
3922 3971 1889 9782
3693 3282 2814 9789
3584 3229 2979 9792
3601 2426 3768 9795
3964 2584 3248 9796
2746 3255 3797 9798
3629 3405 2769 9803
2783 3880 3152 9815
2473 3625 3727 9825
3994 2482 3358 9834
2933 3079 3826 9838
2575 3740 3524 9839
3818 3274 2749 9841
3770 3116 2958 9844
3097 3564 3188 9849
3700 3232 2921 9853
3918 2705 3237 9860
3279 3491 3096 9866
3911 2778 3179 9868
3729 3916 2226 9871
3808 3972 2094 9874
2870 3647 3359 9876
3041 3137 3705 9883
3608 2777 3500 9885
3393 2804 3694 9891
3534 3858 2505 9897
3906 3791 2205 9902
2999 3603 3309 9911
3246 3939 2728 9913
2738 3266 3911 9915
3125 3419 3386 9930
2478 3961 3495 9934
3943 2173 3829 9945
3813 2483 3652 9948
3790 2689 3480 9959
2526 3441 3995 9962
3603 3247 3117 9967
2839 3212 3918 9969
2781 3955 3236 9972
3176 3088 3714 9978
2677 3948 3357 9982
3558 3483 2943 9984
3954 2690 3345 9989
3087 3892 3017 9996
3128 3129 3742 9999
3536 2494 3970 10000
3997 3078 2930 10005
3244 3220 3547 10011
3429 3894 2698 10021
3739 2453 3830 10022
3457 3541 3025 10023
3483 2870 3672 10025
3459 2938 3632 10029
3538 2999 3495 10032
2719 3578 3737 10034
3840 3346 2850 10036
3998 3956 2087 10041
2879 3326 3843 10048
3970 3980 2102 10052
3363 3187 3512 10062
3783 2703 3585 10071
3870 3414 2794 10078
3376 3277 3432 10085
2880 3716 3492 10088
3494 3512 3095 10101
3503 3285 3326 10114
3516 3674 2925 10115
2595 3949 3589 10133
3123 3290 3739 10152
3437 3991 2737 10165
3029 3237 3900 10166
3499 2979 3690 10168
3764 2954 3463 10181
3815 3906 2462 10183
3984 3663 2552 10199
2691 3669 3848 10208
3390 3610 3212 10212
3310 3869 3039 10218
2516 3743 3969 10228
3822 2792 3621 10235
3246 3688 3302 10236
3884 3562 2808 10254
3533 3680 3054 10267
2994 3362 3913 10269
3291 3048 3937 10276
3923 3258 3125 10306
3774 3949 2587 10310
3497 3741 3097 10335
3186 3432 3730 10348
3946 3748 2655 10349
3238 3229 3901 10368
2968 3476 3926 10370
3613 3465 3293 10371
3711 3879 2804 10394
3974 3905 2516 10395
3224 3698 3474 10396
3101 3864 3439 10404
3266 3773 3369 10408
3492 3129 3791 10412
3968 3895 2551 10414
3716 3133 3579 10428
3768 3718 2971 10457
3129 3343 3986 10458
3604 3233 3629 10466
3713 3204 3556 10473
3129 3372 3994 10495
3797 3794 2933 10524
3767 3994 2765 10526
3590 3177 3768 10535
3636 3532 3372 10540
3218 3379 3949 10546
3865 3371 3327 10563
3457 3784 3324 10565
3460 3380 3730 10570
3706 3854 3029 10589
2685 3946 3961 10592
2929 3700 3978 10607
3824 3449 3342 10615
3789 3639 3224 10652
3647 3833 3180 10660
3750 3048 3866 10664
3787 3809 3107 10703
3129 3846 3750 10725
3089 3851 3814 10754
3686 3103 3970 10759
3103 3946 3716 10765
3878 3283 3613 10774
3638 3393 3744 10775
3390 3965 3446 10801
3990 3498 3323 10811
3271 3597 3957 10825
3852 3481 3496 10829
3964 3389 3509 10862
3814 3441 3688 10943
3976 3086 3889 10951
3689 3879 3388 10956
3969 3458 3554 10981
3759 3852 3395 11006
3857 3288 3880 11025
3543 3873 3620 11036
3924 3233 3886 11043
3978 3067 3999 11044
3964 3367 3717 11048
3371 3752 3944 11067
3888 3477 3728 11093
3936 3337 3845 11118
3876 3265 3987 11128
3903 3394 3861 11158
3911 3565 3734 11210
3654 3827 3910 11391
3635 3904 3930 11469
0.8153128623962402 seconds